{"producer":{"name":"Blender","version":"2.79 (sub 0)","exporter_version":"5.6.2","file":"patrick_stumble.babylon"},
"autoClear":true,"clearColor":[0.0509,0.0509,0.0509],"ambientColor":[0,0,0],"gravity":[0,-9.81,0],
"materials":[{"name":"patrick_stumble.palettemat","id":"patrick_stumble.palettemat","ambient":[1,1,1],"diffuse":[0.8,0.8,0.8],"specular":[0,0,0],"emissive":[0,0,0],"specularPower":103,"alpha":1,"backFaceCulling":true,"checkReadyOnlyOnce":false,"maxSimultaneousLights":4, 
"diffuseTexture":{"name":"patrick-large.png","level":1,"hasAlpha":1,"coordinatesMode":0,"uOffset":0,"vOffset":0,"uScale":1,"vScale":1,"uAng":0,"vAng":0,"wAng":0,"wrapU":1,"wrapV":1,"coordinatesIndex":0}}],
"multiMaterials":[],
"skeletons":[{"name":"Armature","id":0,"dimensionsAtRest":[24.1036,5.8091,42.7278],"bones":[
{"name":"mixamorig:Hips","index":0,"matrix":[0.01,-0.0004,0.0005,0,0.0004,0.0099,-0.0009,0,0.0005,-0.0009,-0.0099,0,-0.0001,0.0842,0.0012,1],"rest":[0.01,0,0,0,0,0.01,0,0,0,0,-0.01,0,0,0.091,0.0034,1],"parentBoneIndex":-1,"length":2.1893
,"animation":{"dataType":3,"framePerSecond":30,"keys":[
{"frame":1,"values":[0.01,-0.0001,0.0006,0,0.0002,0.0099,-0.0011,0,0.0006,-0.0011,-0.0099,0,-0.0007,0.0828,-0.0129,1]},
{"frame":2,"values":[0.0099,-0.0007,0.0008,0,0.0008,0.0099,-0.0009,0,0.0008,-0.0009,-0.0099,0,0.0004,0.0869,-0.0215,1]},
{"frame":3,"values":[0.0098,-0.001,0.0014,0,0.0011,0.0099,-0.0007,0,0.0013,-0.0009,-0.0099,0,0.0014,0.09,-0.0314,1]},
{"frame":4,"values":[0.0097,-0.0007,0.0024,0,0.0009,0.0099,-0.0007,0,0.0023,-0.0009,-0.0097,0,0.003,0.0908,-0.0412,1]},
{"frame":5,"values":[0.0095,-0.0001,0.0031,0,0.0004,0.01,-0.0008,0,0.0031,-0.0008,-0.0095,0,0.0042,0.0909,-0.0502,1]},
{"frame":6,"values":[0.0095,0.0003,0.0032,0,0.0001,0.0099,-0.0011,0,0.0032,-0.0011,-0.0094,0,0.0047,0.0896,-0.0584,1]},
{"frame":7,"values":[0.0097,0,0.0025,0,0.0004,0.0099,-0.0013,0,0.0024,-0.0014,-0.0096,0,0.0057,0.0877,-0.0657,1]},
{"frame":8,"values":[0.01,0.0003,0.0008,0,-0.0001,0.0098,-0.0018,0,0.0009,-0.0018,-0.0098,0,0.0044,0.0886,-0.0755,1]},
{"frame":9,"values":[0.0099,0.0002,-0.0012,0,-0.0005,0.0097,-0.0025,0,-0.0011,-0.0025,-0.0096,0,0.0019,0.0867,-0.0839,1]},
{"frame":10,"values":[0.0094,-0.0002,-0.0033,0,-0.0004,0.0098,-0.0019,0,-0.0032,-0.0019,-0.0093,0,0.0015,0.085,-0.0904,1]},
{"frame":11,"values":[0.0092,0.0002,-0.004,0,-0.001,0.0098,-0.0018,0,-0.0038,-0.0021,-0.009,0,0.0013,0.0852,-0.0961,1]},
{"frame":12,"values":[0.0092,0.0006,-0.0039,0,-0.0017,0.0095,-0.0027,0,-0.0035,-0.0031,-0.0088,0,0.0001,0.0843,-0.1015,1]},
{"frame":13,"values":[0.009,0.0002,-0.0043,0,-0.0017,0.0093,-0.0032,0,-0.0039,-0.0036,-0.0085,0,-0.0003,0.0816,-0.1072,1]},
{"frame":14,"values":[0.0088,-0.0005,-0.0048,0,-0.0011,0.0095,-0.0029,0,-0.0047,-0.0031,-0.0083,0,0.0003,0.0783,-0.1159,1]},
{"frame":15,"values":[0.0089,-0.0003,-0.0045,0,-0.0008,0.0097,-0.0021,0,-0.0044,-0.0023,-0.0087,0,0.0022,0.0755,-0.1218,1]},
{"frame":16,"values":[0.0092,0.0004,-0.0039,0,-0.0013,0.0096,-0.0023,0,-0.0037,-0.0026,-0.0089,0,0.004,0.0716,-0.1265,1]},
{"frame":17,"values":[0.0095,0.0017,-0.0026,0,-0.0023,0.0096,-0.0019,0,-0.0022,-0.0024,-0.0095,0,0.0054,0.0685,-0.1328,1]},
{"frame":18,"values":[0.0097,0.0021,-0.001,0,-0.0023,0.0096,-0.0015,0,-0.0007,-0.0017,-0.0098,0,0.0062,0.0694,-0.1402,1]},
{"frame":19,"values":[0.0099,0.0015,0.0001,0,-0.0014,0.0097,-0.0017,0,0.0003,-0.0017,-0.0099,0,0.0072,0.0727,-0.147,1]},
{"frame":20,"values":[0.01,0.0006,0.0004,0,-0.0005,0.0097,-0.0022,0,0.0006,-0.0022,-0.0097,0,0.0079,0.0771,-0.1531,1]},
{"frame":21,"values":[0.01,0.0004,0.0005,0,-0.0003,0.0095,-0.003,0,0.0006,-0.0029,-0.0095,0,0.008,0.0801,-0.1602,1]},
{"frame":22,"values":[0.01,0.0004,0.0003,0,-0.0003,0.0095,-0.0032,0,0.0004,-0.0031,-0.0095,0,0.0073,0.0815,-0.1678,1]},
{"frame":23,"values":[0.01,0.0005,0.0001,0,-0.0004,0.0095,-0.0031,0,0.0003,-0.0031,-0.0095,0,0.0066,0.0815,-0.1756,1]},
{"frame":24,"values":[0.01,0.0005,-0.0001,0,-0.0005,0.0096,-0.0027,0,0.0001,-0.0027,-0.0096,0,0.0054,0.0804,-0.1831,1]},
{"frame":25,"values":[0.01,0.0004,-0.0004,0,-0.0004,0.0097,-0.0023,0,-0.0003,-0.0023,-0.0097,0,0.0044,0.0802,-0.1917,1]},
{"frame":26,"values":[0.01,0,-0.001,0,-0.0002,0.0098,-0.0019,0,-0.0009,-0.0019,-0.0098,0,0.003,0.081,-0.2017,1]},
{"frame":27,"values":[0.0098,-0.0002,-0.002,0,-0.0003,0.0096,-0.0026,0,-0.0019,-0.0027,-0.0094,0,0.0015,0.0827,-0.2123,1]},
{"frame":28,"values":[0.0096,-0.0002,-0.0027,0,-0.0006,0.0097,-0.0025,0,-0.0026,-0.0026,-0.0093,0,0.0005,0.0875,-0.2226,1]},
{"frame":29,"values":[0.0095,-0.0002,-0.0031,0,-0.0006,0.0097,-0.0024,0,-0.0031,-0.0025,-0.0092,0,-0.0007,0.0895,-0.2316,1]},
{"frame":30,"values":[0.0095,0,-0.003,0,-0.0007,0.0097,-0.0022,0,-0.0029,-0.0023,-0.0093,0,-0.0016,0.0899,-0.2394,1]},
{"frame":31,"values":[0.0096,-0.0001,-0.0026,0,-0.0004,0.0098,-0.002,0,-0.0026,-0.0021,-0.0094,0,-0.0016,0.0895,-0.2478,1]},
{"frame":32,"values":[0.0098,-0.0001,-0.0021,0,-0.0003,0.0098,-0.0018,0,-0.002,-0.0018,-0.0096,0,-0.0017,0.0877,-0.2566,1]},
{"frame":33,"values":[0.0099,-0.0001,-0.0014,0,-0.0001,0.0099,-0.0016,0,-0.0014,-0.0016,-0.0098,0,-0.0017,0.0856,-0.2657,1]},
{"frame":34,"values":[0.01,-0.0001,-0.0006,0,0.0001,0.0099,-0.0013,0,-0.0007,-0.0013,-0.0099,0,-0.0015,0.0841,-0.2745,1]},
{"frame":35,"values":[0.01,-0.0002,0,0,0.0002,0.0099,-0.0012,0,0,-0.0012,-0.0099,0,-0.0012,0.0831,-0.2829,1]},
{"frame":36,"values":[0.01,-0.0001,0.0006,0,0.0002,0.0099,-0.0011,0,0.0006,-0.0011,-0.0099,0,-0.0007,0.0828,-0.2905,1]},
{"frame":51,"values":[0.01,-0.0004,0.0005,0,0.0004,0.0099,-0.0009,0,0.0005,-0.0009,-0.0099,0,-0.0001,0.0842,0.0012,1]},
{"frame":52,"values":[0.01,-0.0002,0.0004,0,0.0002,0.01,-0.0009,0,0.0004,-0.0009,-0.0099,0,0.0004,0.0856,0.0004,1]},
{"frame":53,"values":[0.01,0,0.0006,0,0.0001,0.01,-0.0009,0,0.0006,-0.0009,-0.0099,0,0.0001,0.0869,-0.0009,1]},
{"frame":54,"values":[0.01,0.0002,0.0009,0,-0.0001,0.01,-0.0009,0,0.0009,-0.0009,-0.0099,0,-0.0003,0.0871,-0.0022,1]},
{"frame":55,"values":[0.01,0.0002,0.0008,0,-0.0001,0.01,-0.001,0,0.0009,-0.0009,-0.0099,0,-0.0005,0.0862,-0.0029,1]},
{"frame":56,"values":[0.01,0.0001,0.0005,0,0,0.01,-0.0007,0,0.0005,-0.0007,-0.01,0,-0.0005,0.0853,-0.0023,1]},
{"frame":57,"values":[0.01,0,0.0006,0,0,0.01,-0.0005,0,0.0006,-0.0005,-0.01,0,-0.0004,0.0852,-0.0022,1]},
{"frame":58,"values":[0.01,0.0001,0.001,0,0,0.01,-0.0004,0,0.001,-0.0004,-0.0099,0,-0.0007,0.0848,-0.0016,1]},
{"frame":59,"values":[0.0099,0.0001,0.0011,0,0,0.01,-0.0004,0,0.0011,-0.0004,-0.0099,0,-0.0006,0.0824,-0.0017,1]},
{"frame":60,"values":[0.0099,0.0001,0.001,0,0,0.01,-0.0006,0,0.001,-0.0006,-0.0099,0,-0.0006,0.0817,-0.0007,1]},
{"frame":61,"values":[0.01,0,0.001,0,0.0001,0.01,-0.0006,0,0.001,-0.0006,-0.0099,0,-0.0006,0.0822,0.0007,1]},
{"frame":62,"values":[0.0099,-0.0003,0.001,0,0.0004,0.01,-0.0007,0,0.001,-0.0007,-0.0099,0,-0.0005,0.0834,0.0012,1]},
{"frame":63,"values":[0.01,-0.0005,0.0006,0,0.0006,0.0099,-0.0009,0,0.0006,-0.0009,-0.0099,0,-0.0004,0.0856,-0.0005,1]},
{"frame":64,"values":[0.01,-0.0008,0.0001,0,0.0008,0.0099,-0.0012,0,0,-0.0012,-0.0099,0,-0.0003,0.0861,-0.002,1]},
{"frame":65,"values":[0.01,-0.0007,0.0001,0,0.0007,0.0099,-0.0015,0,0,-0.0015,-0.0099,0,-0.0002,0.0864,-0.0023,1]},
{"frame":66,"values":[0.01,-0.0006,0.0002,0,0.0006,0.0099,-0.0013,0,0.0001,-0.0013,-0.0099,0,-0.0002,0.085,-0.0022,1]},
{"frame":67,"values":[0.01,-0.0005,0.0002,0,0.0005,0.0099,-0.0011,0,0.0002,-0.0011,-0.0099,0,-0.0004,0.083,-0.0022,1]},
{"frame":68,"values":[0.01,-0.0004,0.0003,0,0.0005,0.0099,-0.0011,0,0.0002,-0.0011,-0.0099,0,-0.0003,0.082,-0.001,1]},
{"frame":69,"values":[0.01,-0.0004,0.0004,0,0.0004,0.0099,-0.0011,0,0.0003,-0.0011,-0.0099,0,-0.0001,0.0816,-0.0007,1]},
{"frame":70,"values":[0.01,-0.0005,0.0005,0,0.0006,0.0099,-0.0011,0,0.0005,-0.0011,-0.0099,0,-0.0002,0.0814,-0.0003,1]},
{"frame":71,"values":[0.01,-0.0006,0.0007,0,0.0007,0.0099,-0.001,0,0.0007,-0.001,-0.0099,0,-0.0001,0.0823,0.0008,1]},
{"frame":72,"values":[0.01,-0.0004,0.0005,0,0.0004,0.0099,-0.0009,0,0.0005,-0.0009,-0.0099,0,-0.0001,0.0842,0.0012,1]}],"loopBehavior":1,"name":"anim","property":"_matrix"}},
{"name":"mixamorig:Spine","index":1,"matrix":[0.9997,0.0138,-0.0225,0,-0.0113,0.9939,0.1098,0,0.0239,-0.1095,0.9937,0,0,1.7168,0.0403,1],"rest":[1,0,0,0,0,0.9997,0.0235,0,0,-0.0235,0.9997,0,0,1.7168,0.0403,1],"parentBoneIndex":0,"length":2.0035
,"animation":{"dataType":3,"framePerSecond":30,"keys":[
{"frame":1,"values":[0.9996,0.0102,-0.0268,0,-0.0076,0.9953,0.0965,0,0.0277,-0.0962,0.995,0,0,1.7168,0.0403,1]},
{"frame":2,"values":[0.999,0.0399,0.0186,0,-0.0415,0.9941,0.1005,0,-0.0145,-0.1011,0.9948,0,0,1.7168,0.0403,1]},
{"frame":3,"values":[0.9968,0.0485,0.0637,0,-0.0549,0.9932,0.1025,0,-0.0583,-0.1057,0.9927,0,0,1.7168,0.0403,1]},
{"frame":4,"values":[0.9917,0.0576,0.1146,0,-0.0697,0.992,0.1049,0,-0.1076,-0.112,0.9879,0,0,1.7168,0.0403,1]},
{"frame":5,"values":[0.9867,0.0442,0.1564,0,-0.0625,0.9915,0.1141,0,-0.15,-0.1224,0.9811,0,0,1.7168,0.0403,1]},
{"frame":6,"values":[0.9878,0.0263,0.1532,0,-0.045,0.9918,0.1196,0,-0.1488,-0.125,0.9809,0,0,1.7168,0.0403,1]},
{"frame":7,"values":[0.9931,0.0321,0.1125,0,-0.0457,0.9917,0.1205,0,-0.1077,-0.1248,0.9863,0,0,1.7168,0.0403,1]},
{"frame":8,"values":[0.9994,-0.0179,0.0297,0,0.0144,0.9936,0.1122,0,-0.0315,-0.1117,0.9932,0,0,1.7168,0.0403,1]},
{"frame":9,"values":[0.9975,-0.0455,-0.0546,0,0.0508,0.9937,0.0998,0,0.0497,-0.1023,0.9935,0,0,1.7168,0.0403,1]},
{"frame":10,"values":[0.9872,-0.0645,-0.1461,0,0.0836,0.9881,0.1288,0,0.1361,-0.1393,0.9809,0,0,1.7168,0.0403,1]},
{"frame":11,"values":[0.9735,-0.0952,-0.2078,0,0.1266,0.9815,0.1437,0,0.1902,-0.1662,0.9676,0,0,1.7168,0.0403,1]},
{"frame":12,"values":[0.9523,-0.0997,-0.2884,0,0.1376,0.9839,0.1142,0,0.2724,-0.1485,0.9507,0,0,1.7168,0.0403,1]},
{"frame":13,"values":[0.9237,-0.0995,-0.37,0,0.144,0.9851,0.0946,0,0.355,-0.1406,0.9242,0,0,1.7168,0.0403,1]},
{"frame":14,"values":[0.9046,-0.0377,-0.4247,0,0.0931,0.9895,0.1105,0,0.4161,-0.1395,0.8986,0,0,1.7168,0.0403,1]},
{"frame":15,"values":[0.9236,0.0277,-0.3824,0,0.0357,0.9868,0.1577,0,0.3817,-0.1593,0.9104,0,0,1.7168,0.0403,1]},
{"frame":16,"values":[0.9618,-0.0083,-0.2735,0,0.0523,0.9866,0.1542,0,0.2686,-0.1627,0.9494,0,0,1.7168,0.0403,1]},
{"frame":17,"values":[0.9853,-0.0364,-0.1667,0,0.0662,0.982,0.177,0,0.1572,-0.1854,0.97,0,0,1.7168,0.0403,1]},
{"frame":18,"values":[0.9963,-0.0102,-0.0857,0,0.0273,0.9791,0.2013,0,0.0819,-0.2029,0.9758,0,0,1.7168,0.0403,1]},
{"frame":19,"values":[0.9994,0.0277,-0.0217,0,-0.0227,0.9785,0.2052,0,0.0269,-0.2045,0.9785,0,0,1.7168,0.0403,1]},
{"frame":20,"values":[0.9967,0.0701,0.0408,0,-0.0769,0.9766,0.2007,0,-0.0258,-0.2032,0.9788,0,0,1.7168,0.0403,1]},
{"frame":21,"values":[0.9935,0.0733,0.0869,0,-0.0886,0.9782,0.1877,0,-0.0712,-0.1942,0.9784,0,0,1.7168,0.0403,1]},
{"frame":22,"values":[0.9917,0.0644,0.1113,0,-0.0839,0.9799,0.1808,0,-0.0974,-0.1887,0.9772,0,0,1.7168,0.0403,1]},
{"frame":23,"values":[0.9923,0.0591,0.1091,0,-0.078,0.9808,0.1787,0,-0.0965,-0.1859,0.9778,0,0,1.7168,0.0403,1]},
{"frame":24,"values":[0.993,0.0684,0.0959,0,-0.085,0.9797,0.1817,0,-0.0816,-0.1885,0.9787,0,0,1.7168,0.0403,1]},
{"frame":25,"values":[0.9948,0.0609,0.0815,0,-0.0755,0.9787,0.1911,0,-0.0681,-0.1962,0.9782,0,0,1.7168,0.0403,1]},
{"frame":26,"values":[0.9978,0.0422,0.051,0,-0.0518,0.9775,0.2044,0,-0.0412,-0.2066,0.9775,0,0,1.7168,0.0403,1]},
{"frame":27,"values":[0.9995,0.0297,0.0094,0,-0.031,0.9811,0.1911,0,-0.0035,-0.1913,0.9815,0,0,1.7168,0.0403,1]},
{"frame":28,"values":[0.9994,-0.0219,-0.0253,0,0.0262,0.9824,0.1847,0,0.0208,-0.1853,0.9825,0,0,1.7168,0.0403,1]},
{"frame":29,"values":[0.9973,-0.056,-0.0465,0,0.0632,0.9831,0.1718,0,0.0361,-0.1743,0.984,0,0,1.7168,0.0403,1]},
{"frame":30,"values":[0.9955,-0.0769,-0.0556,0,0.0848,0.9837,0.1586,0,0.0425,-0.1626,0.9858,0,0,1.7168,0.0403,1]},
{"frame":31,"values":[0.9958,-0.0647,-0.0648,0,0.0735,0.9867,0.1447,0,0.0546,-0.1488,0.9874,0,0,1.7168,0.0403,1]},
{"frame":32,"values":[0.9962,-0.0555,-0.0672,0,0.064,0.9893,0.131,0,0.0592,-0.1348,0.9891,0,0,1.7168,0.0403,1]},
{"frame":33,"values":[0.9973,-0.0347,-0.0644,0,0.0421,0.9921,0.1183,0,0.0598,-0.1207,0.9909,0,0,1.7168,0.0403,1]},
{"frame":34,"values":[0.9982,-0.0172,-0.0578,0,0.0233,0.994,0.1072,0,0.0556,-0.1084,0.9926,0,0,1.7168,0.0403,1]},
{"frame":35,"values":[0.9988,-0.0013,-0.0487,0,0.0061,0.9951,0.0985,0,0.0483,-0.0987,0.9939,0,0,1.7168,0.0403,1]},
{"frame":36,"values":[0.9996,0.0102,-0.0269,0,-0.0076,0.9953,0.0965,0,0.0277,-0.0962,0.995,0,0,1.7168,0.0403,1]},
{"frame":51,"values":[0.9997,0.0138,-0.0225,0,-0.0113,0.9939,0.1098,0,0.0239,-0.1095,0.9937,0,0,1.7168,0.0403,1]},
{"frame":52,"values":[0.999,0.0074,-0.0433,0,-0.0029,0.9947,0.1027,0,0.0439,-0.1025,0.9938,0,0,1.7168,0.0403,1]},
{"frame":53,"values":[0.998,0.002,-0.0627,0,0.004,0.9955,0.0944,0,0.0626,-0.0945,0.9936,0,0,1.7168,0.0403,1]},
{"frame":54,"values":[0.9966,-0.0142,-0.0807,0,0.0209,0.9964,0.0827,0,0.0792,-0.0841,0.9933,0,0,1.7168,0.0403,1]},
{"frame":55,"values":[0.9952,-0.0193,-0.0958,0,0.0262,0.9971,0.0718,0,0.0942,-0.074,0.9928,0,0,1.7168,0.0403,1]},
{"frame":56,"values":[0.9945,-0.0165,-0.1034,0,0.0242,0.997,0.0735,0,0.1019,-0.0756,0.9919,0,0,1.7168,0.0403,1]},
{"frame":57,"values":[0.9953,-0.0145,-0.0962,0,0.0222,0.9965,0.0801,0,0.0947,-0.0819,0.9921,0,0,1.7168,0.0403,1]},
{"frame":58,"values":[0.9965,-0.015,-0.0828,0,0.0225,0.9957,0.0896,0,0.0811,-0.0911,0.9925,0,0,1.7168,0.0403,1]},
{"frame":59,"values":[0.9978,-0.0137,-0.0641,0,0.0202,0.9946,0.1017,0,0.0624,-0.1028,0.9927,0,0,1.7168,0.0403,1]},
{"frame":60,"values":[0.9994,-0.013,-0.0313,0,0.0163,0.9938,0.1103,0,0.0297,-0.1108,0.9934,0,0,1.7168,0.0403,1]},
{"frame":61,"values":[1,-0.0084,0.0014,0,0.0082,0.9931,0.1174,0,-0.0024,-0.1174,0.9931,0,0,1.7168,0.0403,1]},
{"frame":62,"values":[0.9996,-0.0009,0.029,0,-0.0025,0.9929,0.1186,0,-0.0289,-0.1186,0.9925,0,0,1.7168,0.0403,1]},
{"frame":63,"values":[0.9987,0.009,0.05,0,-0.0145,0.9938,0.11,0,-0.0487,-0.1106,0.9927,0,0,1.7168,0.0403,1]},
{"frame":64,"values":[0.9973,0.0201,0.071,0,-0.0271,0.9947,0.0988,0,-0.0687,-0.1005,0.9926,0,0,1.7168,0.0403,1]},
{"frame":65,"values":[0.9958,0.0297,0.0869,0,-0.0377,0.995,0.0923,0,-0.0837,-0.0952,0.9919,0,0,1.7168,0.0403,1]},
{"frame":66,"values":[0.9948,0.0309,0.0975,0,-0.0405,0.9944,0.0979,0,-0.0939,-0.1013,0.9904,0,0,1.7168,0.0403,1]},
{"frame":67,"values":[0.9946,0.0282,0.0995,0,-0.0383,0.9941,0.1018,0,-0.096,-0.105,0.9898,0,0,1.7168,0.0403,1]},
{"frame":68,"values":[0.9956,0.0298,0.0888,0,-0.039,0.9938,0.1038,0,-0.0851,-0.1069,0.9906,0,0,1.7168,0.0403,1]},
{"frame":69,"values":[0.9973,0.03,0.0674,0,-0.0371,0.9935,0.1076,0,-0.0637,-0.1098,0.9919,0,0,1.7168,0.0403,1]},
{"frame":70,"values":[0.9989,0.0287,0.036,0,-0.0327,0.993,0.1133,0,-0.0325,-0.1144,0.9929,0,0,1.7168,0.0403,1]},
{"frame":71,"values":[0.9996,0.0263,0.0115,0,-0.0274,0.993,0.1153,0,-0.0084,-0.1156,0.9933,0,0,1.7168,0.0403,1]},
{"frame":72,"values":[0.9997,0.0138,-0.0225,0,-0.0113,0.9939,0.1098,0,0.0239,-0.1095,0.9937,0,0,1.7168,0.0403,1]}],"loopBehavior":1,"name":"anim","property":"_matrix"}},
{"name":"mixamorig:Spine1","index":2,"matrix":[0.9984,0.0369,-0.0438,0,-0.0289,0.9846,0.1725,0,0.0495,-0.171,0.984,0,0,2.0035,0,1],"rest":[1,0,0,0,0,1,0,0,0,0,1,0,0,2.0035,0,1],"parentBoneIndex":1,"length":2.2897
,"animation":{"dataType":3,"framePerSecond":30,"keys":[
{"frame":1,"values":[0.9999,-0.0065,0.01,0,0.0044,0.9815,0.1913,0,-0.011,-0.1912,0.9815,0,0,2.0035,0,1]},
{"frame":2,"values":[0.9993,0.0241,0.0274,0,-0.0289,0.9812,0.1909,0,-0.0223,-0.1916,0.9812,0,0,2.0035,0,1]},
{"frame":3,"values":[0.9975,0.0394,0.0584,0,-0.0493,0.9826,0.1793,0,-0.0503,-0.1817,0.9821,0,0,2.0035,0,1]},
{"frame":4,"values":[0.9954,0.0134,0.0946,0,-0.0289,0.986,0.1642,0,-0.0911,-0.1662,0.9819,0,0,2.0035,0,1]},
{"frame":5,"values":[0.993,-0.0172,0.1167,0,-0.0015,0.9875,0.1578,0,-0.118,-0.1569,0.9805,0,0,2.0035,0,1]},
{"frame":6,"values":[0.9945,-0.0249,0.1021,0,0.0102,0.9899,0.1416,0,-0.1046,-0.1398,0.9846,0,0,2.0035,0,1]},
{"frame":7,"values":[0.9979,-0.0138,0.0631,0,0.0051,0.9906,0.1368,0,-0.0644,-0.1362,0.9886,0,0,2.0035,0,1]},
{"frame":8,"values":[0.9998,-0.0184,0.0039,0,0.0178,0.9915,0.1291,0,-0.0062,-0.129,0.9916,0,0,2.0035,0,1]},
{"frame":9,"values":[0.9975,-0.039,-0.0586,0,0.0464,0.9904,0.1302,0,0.053,-0.1326,0.9898,0,0,2.0035,0,1]},
{"frame":10,"values":[0.9885,-0.0422,-0.1454,0,0.0728,0.9745,0.2121,0,0.1327,-0.2202,0.9664,0,0,2.0035,0,1]},
{"frame":11,"values":[0.9829,-0.0549,-0.1757,0,0.101,0.9588,0.2654,0,0.1539,-0.2787,0.948,0,0,2.0035,0,1]},
{"frame":12,"values":[0.9852,-0.0593,-0.1608,0,0.1006,0.9598,0.2622,0,0.1387,-0.2745,0.9515,0,0,2.0035,0,1]},
{"frame":13,"values":[0.982,-0.058,-0.1795,0,0.1012,0.965,0.2419,0,0.1592,-0.2557,0.9536,0,0,2.0035,0,1]},
{"frame":14,"values":[0.9785,-0.0249,-0.2049,0,0.0743,0.9687,0.2367,0,0.1926,-0.2468,0.9497,0,0,2.0035,0,1]},
{"frame":15,"values":[0.9841,-0.0169,-0.1767,0,0.0746,0.9427,0.3253,0,0.1611,-0.3333,0.929,0,0,2.0035,0,1]},
{"frame":16,"values":[0.9883,-0.0372,-0.1477,0,0.0893,0.927,0.3642,0,0.1233,-0.3732,0.9195,0,0,2.0035,0,1]},
{"frame":17,"values":[0.9935,-0.0371,-0.1077,0,0.0806,0.8973,0.434,0,0.0806,-0.4399,0.8944,0,0,2.0035,0,1]},
{"frame":18,"values":[0.9994,-0.0153,-0.0323,0,0.029,0.8765,0.4805,0,0.0209,-0.4811,0.8764,0,0,2.0035,0,1]},
{"frame":19,"values":[0.9993,0.0366,-0.0056,0,-0.0291,0.8699,0.4923,0,0.0229,-0.4918,0.8704,0,0,2.0035,0,1]},
{"frame":20,"values":[0.9958,0.0895,0.0214,0,-0.0882,0.8618,0.4995,0,0.0263,-0.4993,0.866,0,0,2.0035,0,1]},
{"frame":21,"values":[0.9958,0.0874,0.0285,0,-0.0905,0.8769,0.472,0,0.0163,-0.4726,0.8811,0,0,2.0035,0,1]},
{"frame":22,"values":[0.9966,0.078,0.0265,0,-0.0815,0.8871,0.4543,0,0.0119,-0.4549,0.8905,0,0,2.0035,0,1]},
{"frame":23,"values":[0.9971,0.0747,0.0176,0,-0.0748,0.8945,0.4408,0,0.0172,-0.4408,0.8974,0,0,2.0035,0,1]},
{"frame":24,"values":[0.998,0.0621,0.0122,0,-0.0613,0.8998,0.4321,0,0.0158,-0.432,0.9018,0,0,2.0035,0,1]},
{"frame":25,"values":[0.9985,0.0549,0.0053,0,-0.0518,0.9004,0.432,0,0.0189,-0.4316,0.9019,0,0,2.0035,0,1]},
{"frame":26,"values":[0.999,0.0447,-0.0027,0,-0.039,0.8974,0.4395,0,0.0221,-0.4389,0.8983,0,0,2.0035,0,1]},
{"frame":27,"values":[0.9998,0.0175,-0.0041,0,-0.0142,0.9098,0.4148,0,0.011,-0.4146,0.9099,0,0,2.0035,0,1]},
{"frame":28,"values":[1,0.0059,-0.0049,0,-0.0035,0.9168,0.3993,0,0.0068,-0.3993,0.9168,0,0,2.0035,0,1]},
{"frame":29,"values":[0.9999,-0.0015,-0.0117,0,0.0057,0.9292,0.3694,0,0.0103,-0.3695,0.9292,0,0,2.0035,0,1]},
{"frame":30,"values":[0.9999,-0.0053,-0.0124,0,0.0092,0.9408,0.3388,0,0.0098,-0.3389,0.9408,0,0,2.0035,0,1]},
{"frame":31,"values":[0.9999,-0.0073,-0.0107,0,0.0102,0.9517,0.3068,0,0.0079,-0.3069,0.9517,0,0,2.0035,0,1]},
{"frame":32,"values":[0.9999,-0.008,-0.0074,0,0.0097,0.9613,0.2752,0,0.0049,-0.2752,0.9614,0,0,2.0035,0,1]},
{"frame":33,"values":[1,-0.0077,-0.0032,0,0.0082,0.9694,0.2454,0,0.0013,-0.2454,0.9694,0,0,2.0035,0,1]},
{"frame":34,"values":[1,-0.007,0.0012,0,0.0065,0.9757,0.2191,0,-0.0027,-0.2191,0.9757,0,0,2.0035,0,1]},
{"frame":35,"values":[1,-0.0066,0.0054,0,0.0054,0.9802,0.198,0,-0.0066,-0.1979,0.9802,0,0,2.0035,0,1]},
{"frame":36,"values":[0.9999,-0.0065,0.01,0,0.0044,0.9815,0.1913,0,-0.011,-0.1912,0.9815,0,0,2.0035,0,1]},
{"frame":51,"values":[0.9984,0.0369,-0.0438,0,-0.0289,0.9846,0.1725,0,0.0495,-0.171,0.984,0,0,2.0035,0,1]},
{"frame":52,"values":[0.996,0.0252,-0.0858,0,-0.0113,0.9873,0.1586,0,0.0887,-0.157,0.9836,0,0,2.0035,0,1]},
{"frame":53,"values":[0.9924,0.0113,-0.1228,0,0.0062,0.9899,0.1416,0,0.1232,-0.1413,0.9823,0,0,2.0035,0,1]},
{"frame":54,"values":[0.9893,-0.0086,-0.1458,0,0.026,0.9927,0.1178,0,0.1437,-0.1204,0.9823,0,0,2.0035,0,1]},
{"frame":55,"values":[0.9864,-0.0233,-0.1624,0,0.0393,0.9946,0.0958,0,0.1593,-0.1009,0.9821,0,0,2.0035,0,1]},
{"frame":56,"values":[0.9858,-0.0238,-0.1662,0,0.0408,0.9942,0.0992,0,0.1629,-0.1046,0.9811,0,0,2.0035,0,1]},
{"frame":57,"values":[0.988,-0.0232,-0.153,0,0.0407,0.9928,0.1125,0,0.1493,-0.1174,0.9818,0,0,2.0035,0,1]},
{"frame":58,"values":[0.9907,-0.0229,-0.1338,0,0.0406,0.9905,0.1314,0,0.1295,-0.1356,0.9823,0,0,2.0035,0,1]},
{"frame":59,"values":[0.9933,-0.0287,-0.1116,0,0.0459,0.9868,0.1553,0,0.1057,-0.1593,0.9815,0,0,2.0035,0,1]},
{"frame":60,"values":[0.9975,-0.0308,-0.0638,0,0.0414,0.9841,0.1725,0,0.0575,-0.1747,0.9829,0,0,2.0035,0,1]},
{"frame":61,"values":[0.9996,-0.0266,0.0007,0,0.026,0.982,0.1872,0,-0.0056,-0.1871,0.9823,0,0,2.0035,0,1]},
{"frame":62,"values":[0.9982,-0.0063,0.059,0,-0.005,0.9818,0.1896,0,-0.0591,-0.1896,0.9801,0,0,2.0035,0,1]},
{"frame":63,"values":[0.9945,0.0237,0.1016,0,-0.041,0.9843,0.1716,0,-0.0959,-0.1748,0.9799,0,0,2.0035,0,1]},
{"frame":64,"values":[0.9895,0.0451,0.1375,0,-0.0656,0.9867,0.1485,0,-0.1289,-0.1559,0.9793,0,0,2.0035,0,1]},
{"frame":65,"values":[0.985,0.0594,0.1619,0,-0.0817,0.9875,0.1347,0,-0.1519,-0.1459,0.9776,0,0,2.0035,0,1]},
{"frame":66,"values":[0.9839,0.0588,0.1685,0,-0.0839,0.9857,0.1461,0,-0.1575,-0.1579,0.9748,0,0,2.0035,0,1]},
{"frame":67,"values":[0.9866,0.0576,0.153,0,-0.0815,0.9846,0.1549,0,-0.1417,-0.1653,0.976,0,0,2.0035,0,1]},
{"frame":68,"values":[0.9881,0.0592,0.1416,0,-0.0818,0.9839,0.1589,0,-0.1299,-0.1686,0.9771,0,0,2.0035,0,1]},
{"frame":69,"values":[0.9913,0.0582,0.1179,0,-0.0775,0.983,0.1663,0,-0.1062,-0.1739,0.979,0,0,2.0035,0,1]},
{"frame":70,"values":[0.9953,0.0628,0.0732,0,-0.075,0.9812,0.1779,0,-0.0607,-0.1826,0.9813,0,0,2.0035,0,1]},
{"frame":71,"values":[0.9974,0.067,0.0274,0,-0.0709,0.9806,0.1827,0,-0.0147,-0.1841,0.9828,0,0,2.0035,0,1]},
{"frame":72,"values":[0.9984,0.0369,-0.0438,0,-0.0289,0.9846,0.1725,0,0.0495,-0.171,0.984,0,0,2.0035,0,1]}],"loopBehavior":1,"name":"anim","property":"_matrix"}},
{"name":"mixamorig:Spine2","index":3,"matrix":[0.9984,0.0369,-0.0438,0,-0.0289,0.9846,0.1725,0,0.0495,-0.171,0.984,0,0,2.2897,0,1],"rest":[1,0,0,0,0,1,0,0,0,0,1,0,0,2.2897,0,1],"parentBoneIndex":2,"length":2.3829
,"animation":{"dataType":3,"framePerSecond":30,"keys":[
{"frame":1,"values":[0.9999,-0.0046,0.0109,0,0.0025,0.9815,0.1912,0,-0.0116,-0.1912,0.9815,0,0,2.2897,0,1]},
{"frame":2,"values":[0.9993,0.0251,0.0281,0,-0.03,0.9812,0.1907,0,-0.0228,-0.1914,0.9812,0,0,2.2897,0,1]},
{"frame":3,"values":[0.9975,0.0386,0.0592,0,-0.0487,0.9826,0.1793,0,-0.0513,-0.1817,0.982,0,0,2.2897,0,1]},
{"frame":4,"values":[0.9954,0.0105,0.0951,0,-0.0261,0.986,0.1645,0,-0.0921,-0.1662,0.9818,0,0,2.2897,0,1]},
{"frame":5,"values":[0.9929,-0.0219,0.117,0,0.0032,0.9875,0.1577,0,-0.119,-0.1562,0.9805,0,0,2.2897,0,1]},
{"frame":6,"values":[0.9944,-0.0293,0.102,0,0.0147,0.9899,0.141,0,-0.1051,-0.1387,0.9847,0,0,2.2897,0,1]},
{"frame":7,"values":[0.9979,-0.0167,0.0634,0,0.0079,0.9906,0.1363,0,-0.065,-0.1355,0.9886,0,0,2.2897,0,1]},
{"frame":8,"values":[0.9998,-0.0186,0.004,0,0.0179,0.9915,0.129,0,-0.0064,-0.1289,0.9916,0,0,2.2897,0,1]},
{"frame":9,"values":[0.9976,-0.0371,-0.0586,0,0.0446,0.9904,0.131,0,0.0532,-0.1333,0.9896,0,0,2.2897,0,1]},
{"frame":10,"values":[0.9887,-0.0383,-0.1447,0,0.069,0.9744,0.2138,0,0.1328,-0.2214,0.9661,0,0,2.2897,0,1]},
{"frame":11,"values":[0.9831,-0.051,-0.1758,0,0.0974,0.9589,0.2666,0,0.1549,-0.2792,0.9476,0,0,2.2897,0,1]},
{"frame":12,"values":[0.9851,-0.0597,-0.1613,0,0.101,0.9598,0.2618,0,0.1392,-0.2742,0.9516,0,0,2.2897,0,1]},
{"frame":13,"values":[0.9819,-0.0644,-0.1782,0,0.1069,0.9647,0.2405,0,0.1564,-0.2552,0.9542,0,0,2.2897,0,1]},
{"frame":14,"values":[0.9786,-0.0369,-0.2025,0,0.0852,0.9682,0.2351,0,0.1874,-0.2473,0.9506,0,0,2.2897,0,1]},
{"frame":15,"values":[0.9842,-0.0253,-0.1754,0,0.0821,0.9422,0.3248,0,0.157,-0.334,0.9294,0,0,2.2897,0,1]},
{"frame":16,"values":[0.989,-0.0453,-0.1408,0,0.0945,0.9259,0.3658,0,0.1138,-0.3751,0.92,0,0,2.2897,0,1]},
{"frame":17,"values":[0.9947,-0.044,-0.0932,0,0.0805,0.8959,0.4369,0,0.0643,-0.4421,0.8947,0,0,2.2897,0,1]},
{"frame":18,"values":[0.9997,-0.0181,-0.0171,0,0.0241,0.8762,0.4813,0,0.0062,-0.4816,0.8764,0,0,2.2897,0,1]},
{"frame":19,"values":[0.9994,0.035,0.0046,0,-0.0327,0.8698,0.4923,0,0.0133,-0.4921,0.8704,0,0,2.2897,0,1]},
{"frame":20,"values":[0.9957,0.0897,0.0227,0,-0.089,0.8618,0.4994,0,0.0252,-0.4992,0.8661,0,0,2.2897,0,1]},
{"frame":21,"values":[0.9958,0.0889,0.024,0,-0.0896,0.8769,0.4722,0,0.0209,-0.4723,0.8812,0,0,2.2897,0,1]},
{"frame":22,"values":[0.9966,0.0796,0.0187,0,-0.0794,0.8871,0.4547,0,0.0196,-0.4546,0.8905,0,0,2.2897,0,1]},
{"frame":23,"values":[0.9971,0.0755,0.011,0,-0.0726,0.8945,0.4411,0,0.0235,-0.4406,0.8974,0,0,2.2897,0,1]},
{"frame":24,"values":[0.998,0.0626,0.0088,0,-0.0602,0.8998,0.4322,0,0.0191,-0.4319,0.9017,0,0,2.2897,0,1]},
{"frame":25,"values":[0.9985,0.055,0.0034,0,-0.0511,0.9004,0.432,0,0.0207,-0.4315,0.9019,0,0,2.2897,0,1]},
{"frame":26,"values":[0.999,0.0445,-0.0043,0,-0.0381,0.8974,0.4395,0,0.0234,-0.4389,0.8982,0,0,2.2897,0,1]},
{"frame":27,"values":[0.9998,0.0174,-0.0047,0,-0.0139,0.9098,0.4147,0,0.0115,-0.4146,0.9099,0,0,2.2897,0,1]},
{"frame":28,"values":[1,0.0057,-0.0059,0,-0.0029,0.9168,0.3993,0,0.0076,-0.3992,0.9168,0,0,2.2897,0,1]},
{"frame":29,"values":[0.9999,-0.0021,-0.0133,0,0.0069,0.9293,0.3694,0,0.0115,-0.3694,0.9292,0,0,2.2897,0,1]},
{"frame":30,"values":[0.9999,-0.0058,-0.0138,0,0.0101,0.9408,0.3387,0,0.011,-0.3388,0.9408,0,0,2.2897,0,1]},
{"frame":31,"values":[0.9999,-0.0075,-0.0117,0,0.0107,0.9517,0.3068,0,0.0089,-0.3069,0.9517,0,0,2.2897,0,1]},
{"frame":32,"values":[0.9999,-0.0076,-0.0079,0,0.0095,0.9614,0.2751,0,0.0055,-0.2752,0.9614,0,0,2.2897,0,1]},
{"frame":33,"values":[1,-0.0068,-0.0032,0,0.0074,0.9694,0.2453,0,0.0014,-0.2453,0.9694,0,0,2.2897,0,1]},
{"frame":34,"values":[1,-0.0056,0.0017,0,0.005,0.9757,0.2191,0,-0.0029,-0.2191,0.9757,0,0,2.2897,0,1]},
{"frame":35,"values":[1,-0.0048,0.0063,0,0.0034,0.9802,0.1979,0,-0.0071,-0.1979,0.9802,0,0,2.2897,0,1]},
{"frame":36,"values":[0.9999,-0.0046,0.0109,0,0.0025,0.9815,0.1912,0,-0.0116,-0.1912,0.9815,0,0,2.2897,0,1]},
{"frame":51,"values":[0.9984,0.0369,-0.0438,0,-0.0289,0.9846,0.1725,0,0.0495,-0.171,0.984,0,0,2.2897,0,1]},
{"frame":52,"values":[0.996,0.0252,-0.0858,0,-0.0113,0.9873,0.1586,0,0.0887,-0.157,0.9836,0,0,2.2897,0,1]},
{"frame":53,"values":[0.9924,0.0113,-0.1228,0,0.0062,0.9899,0.1416,0,0.1232,-0.1413,0.9823,0,0,2.2897,0,1]},
{"frame":54,"values":[0.9893,-0.0086,-0.1458,0,0.026,0.9927,0.1178,0,0.1437,-0.1204,0.9823,0,0,2.2897,0,1]},
{"frame":55,"values":[0.9865,-0.0233,-0.1624,0,0.0393,0.9946,0.0958,0,0.1593,-0.1009,0.9821,0,0,2.2897,0,1]},
{"frame":56,"values":[0.9858,-0.0238,-0.1662,0,0.0408,0.9942,0.0992,0,0.1629,-0.1046,0.9811,0,0,2.2897,0,1]},
{"frame":57,"values":[0.988,-0.0232,-0.153,0,0.0407,0.9928,0.1125,0,0.1493,-0.1174,0.9818,0,0,2.2897,0,1]},
{"frame":58,"values":[0.9907,-0.0229,-0.1338,0,0.0406,0.9905,0.1314,0,0.1295,-0.1356,0.9823,0,0,2.2897,0,1]},
{"frame":59,"values":[0.9933,-0.0287,-0.1116,0,0.0459,0.9868,0.1553,0,0.1057,-0.1593,0.9815,0,0,2.2897,0,1]},
{"frame":60,"values":[0.9975,-0.0308,-0.0638,0,0.0414,0.9841,0.1725,0,0.0575,-0.1747,0.9829,0,0,2.2897,0,1]},
{"frame":61,"values":[0.9996,-0.0266,0.0007,0,0.026,0.982,0.1872,0,-0.0056,-0.1871,0.9823,0,0,2.2897,0,1]},
{"frame":62,"values":[0.9982,-0.0063,0.059,0,-0.005,0.9818,0.1896,0,-0.0591,-0.1896,0.9801,0,0,2.2897,0,1]},
{"frame":63,"values":[0.9945,0.0237,0.1016,0,-0.041,0.9843,0.1716,0,-0.0959,-0.1748,0.9799,0,0,2.2897,0,1]},
{"frame":64,"values":[0.9895,0.0451,0.1375,0,-0.0656,0.9867,0.1485,0,-0.1289,-0.1559,0.9793,0,0,2.2897,0,1]},
{"frame":65,"values":[0.985,0.0594,0.1619,0,-0.0817,0.9875,0.1347,0,-0.1519,-0.1459,0.9776,0,0,2.2897,0,1]},
{"frame":66,"values":[0.9839,0.0588,0.1685,0,-0.0839,0.9857,0.1461,0,-0.1575,-0.1579,0.9748,0,0,2.2897,0,1]},
{"frame":67,"values":[0.9866,0.0576,0.153,0,-0.0815,0.9846,0.1549,0,-0.1417,-0.1653,0.976,0,0,2.2897,0,1]},
{"frame":68,"values":[0.9881,0.0592,0.1416,0,-0.0818,0.9839,0.1589,0,-0.1299,-0.1686,0.9771,0,0,2.2897,0,1]},
{"frame":69,"values":[0.9913,0.0582,0.1179,0,-0.0775,0.983,0.1663,0,-0.1062,-0.1739,0.979,0,0,2.2897,0,1]},
{"frame":70,"values":[0.9953,0.0628,0.0732,0,-0.075,0.9812,0.1779,0,-0.0607,-0.1826,0.9813,0,0,2.2897,0,1]},
{"frame":71,"values":[0.9974,0.067,0.0274,0,-0.0709,0.9806,0.1827,0,-0.0147,-0.1841,0.9828,0,0,2.2897,0,1]},
{"frame":72,"values":[0.9984,0.0369,-0.0438,0,-0.0289,0.9846,0.1725,0,0.0495,-0.171,0.984,0,0,2.2897,0,1]}],"loopBehavior":1,"name":"anim","property":"_matrix"}},
{"name":"mixamorig:Neck","index":4,"matrix":[0.9985,0.0009,0.0554,0,0.0076,0.9882,-0.1533,0,-0.0549,0.1535,0.9866,0,0,2.5759,0,1],"rest":[1,0,0,0,0,0.9997,-0.0235,0,0,0.0235,0.9997,0,0,2.5759,0,1],"parentBoneIndex":3,"length":3.5648
,"animation":{"dataType":3,"framePerSecond":30,"keys":[
{"frame":1,"values":[1,0,0,0,0,0.9997,-0.0235,0,0,0.0235,0.9997,0,0,2.5759,0,1]},
{"frame":2,"values":[1,0.0003,-0.0036,0,-0.0004,0.9997,-0.0257,0,0.0036,0.0257,0.9997,0,0,2.5759,0,1]},
{"frame":3,"values":[1,-0.0063,-0.0059,0,0.0061,0.9995,-0.0319,0,0.0061,0.0319,0.9995,0,0,2.5759,0,1]},
{"frame":4,"values":[0.9999,-0.013,-0.0062,0,0.0128,0.9991,-0.0401,0,0.0067,0.04,0.9992,0,0,2.5759,0,1]},
{"frame":5,"values":[0.9997,-0.023,-0.0062,0,0.0228,0.9988,-0.0426,0,0.0071,0.0425,0.9991,0,0,2.5759,0,1]},
{"frame":6,"values":[0.9997,-0.0222,-0.0036,0,0.022,0.9989,-0.0416,0,0.0045,0.0415,0.9991,0,0,2.5759,0,1]},
{"frame":7,"values":[0.9998,-0.0203,-0.0012,0,0.0202,0.999,-0.0401,0,0.002,0.0401,0.9992,0,0,2.5759,0,1]},
{"frame":8,"values":[0.9996,-0.0269,-0.0006,0,0.0269,0.999,-0.035,0,0.0016,0.035,0.9994,0,0,2.5759,0,1]},
{"frame":9,"values":[0.9993,-0.0383,-0.0008,0,0.0383,0.9978,-0.0538,0,0.0028,0.0537,0.9986,0,0,2.5759,0,1]},
{"frame":10,"values":[0.9987,-0.0503,0.0024,0,0.0503,0.9952,-0.0842,0,0.0019,0.0842,0.9964,0,0,2.5759,0,1]},
{"frame":11,"values":[0.998,-0.0626,0.0068,0,0.0629,0.9933,-0.097,0,-0.0007,0.0973,0.9953,0,0,2.5759,0,1]},
{"frame":12,"values":[0.9977,-0.0664,0.0121,0,0.0672,0.9935,-0.0914,0,-0.0059,0.092,0.9957,0,0,2.5759,0,1]},
{"frame":13,"values":[0.9985,-0.0529,0.0166,0,0.0542,0.994,-0.0949,0,-0.0115,0.0957,0.9953,0,0,2.5759,0,1]},
{"frame":14,"values":[0.9976,-0.068,0.0152,0,0.0692,0.9926,-0.0995,0,-0.0083,0.1003,0.9949,0,0,2.5759,0,1]},
{"frame":15,"values":[0.9979,-0.0637,0.0151,0,0.065,0.9924,-0.1047,0,-0.0083,0.1055,0.9944,0,0,2.5759,0,1]},
{"frame":16,"values":[0.9987,-0.0478,0.0156,0,0.0492,0.9933,-0.1049,0,-0.0105,0.1055,0.9944,0,0,2.5759,0,1]},
{"frame":17,"values":[0.9996,-0.0234,0.0176,0,0.0249,0.9958,-0.0877,0,-0.0155,0.0881,0.996,0,0,2.5759,0,1]},
{"frame":18,"values":[0.9998,-0.0035,0.0172,0,0.0046,0.9978,-0.066,0,-0.0169,0.066,0.9977,0,0,2.5759,0,1]},
{"frame":19,"values":[0.9996,0.02,0.0188,0,-0.0192,0.999,-0.0405,0,-0.0196,0.0401,0.999,0,0,2.5759,0,1]},
{"frame":20,"values":[0.9998,-0.0032,0.0219,0,0.0041,0.9992,-0.0407,0,-0.0218,0.0408,0.9989,0,0,2.5759,0,1]},
{"frame":21,"values":[0.9998,0.0054,0.0188,0,-0.005,0.9998,-0.0214,0,-0.0189,0.0213,0.9996,0,0,2.5759,0,1]},
{"frame":22,"values":[0.9998,0.0028,0.0179,0,-0.0026,1,-0.0089,0,-0.0179,0.0089,0.9998,0,0,2.5759,0,1]},
{"frame":23,"values":[0.9998,0.0078,0.0176,0,-0.0077,1,-0.0004,0,-0.0176,0.0002,0.9998,0,0,2.5759,0,1]},
{"frame":24,"values":[0.9998,0.0086,0.0177,0,-0.0087,1,0.0002,0,-0.0177,-0.0003,0.9998,0,0,2.5759,0,1]},
{"frame":25,"values":[0.9998,0.0089,0.0161,0,-0.0088,0.9999,-0.0065,0,-0.0162,0.0063,0.9998,0,0,2.5759,0,1]},
{"frame":26,"values":[0.9999,0.0104,0.0137,0,-0.0102,0.9999,-0.0128,0,-0.0138,0.0127,0.9998,0,0,2.5759,0,1]},
{"frame":27,"values":[1,-0.003,0.0085,0,0.0034,0.999,-0.0453,0,-0.0083,0.0453,0.9989,0,0,2.5759,0,1]},
{"frame":28,"values":[1,-0.0076,0.0061,0,0.0078,0.9989,-0.0463,0,-0.0058,0.0463,0.9989,0,0,2.5759,0,1]},
{"frame":29,"values":[1,-0.0053,0.0039,0,0.0055,0.9989,-0.047,0,-0.0036,0.0471,0.9989,0,0,2.5759,0,1]},
{"frame":30,"values":[1,-0.0044,-0.0003,0,0.0044,0.9989,-0.0468,0,0.0005,0.0468,0.9989,0,0,2.5759,0,1]},
{"frame":31,"values":[1,-0.0014,-0.0041,0,0.0012,0.9993,-0.0379,0,0.0042,0.0379,0.9993,0,0,2.5759,0,1]},
{"frame":32,"values":[1,0.0021,-0.0041,0,-0.0023,0.9994,-0.0339,0,0.004,0.0339,0.9994,0,0,2.5759,0,1]},
{"frame":33,"values":[1,0.0013,-0.0029,0,-0.0014,0.9995,-0.0309,0,0.0028,0.0309,0.9995,0,0,2.5759,0,1]},
{"frame":34,"values":[1,0.0007,-0.0015,0,-0.0007,0.9996,-0.0275,0,0.0015,0.0275,0.9996,0,0,2.5759,0,1]},
{"frame":35,"values":[1,0.0002,-0.0005,0,-0.0002,0.9997,-0.0246,0,0.0005,0.0246,0.9997,0,0,2.5759,0,1]},
{"frame":36,"values":[1,0,0,0,0,0.9997,-0.0235,0,0,0.0235,0.9997,0,0,2.5759,0,1]},
{"frame":51,"values":[0.9985,0.0009,0.0554,0,0.0076,0.9882,-0.1533,0,-0.0549,0.1535,0.9866,0,0,2.5759,0,1]},
{"frame":52,"values":[0.9969,-0.007,0.0784,0,0.0191,0.9878,-0.1548,0,-0.0764,0.1558,0.9848,0,0,2.5759,0,1]},
{"frame":53,"values":[0.9941,0.0055,0.1084,0,0.0095,0.9904,-0.1378,0,-0.1081,0.138,0.9845,0,0,2.5759,0,1]},
{"frame":54,"values":[0.9918,0.005,0.1278,0,0.0104,0.9928,-0.1194,0,-0.1275,0.1197,0.9846,0,0,2.5759,0,1]},
{"frame":55,"values":[0.9895,0.0187,0.143,0,-0.0077,0.997,-0.077,0,-0.144,0.0751,0.9867,0,0,2.5759,0,1]},
{"frame":56,"values":[0.9897,0.0323,0.1396,0,-0.0255,0.9984,-0.0502,0,-0.141,0.0461,0.9889,0,0,2.5759,0,1]},
{"frame":57,"values":[0.9919,0.0143,0.1263,0,-0.007,0.9983,-0.0581,0,-0.1269,0.0567,0.9903,0,0,2.5759,0,1]},
{"frame":58,"values":[0.9928,0.0138,0.119,0,-0.0056,0.9976,-0.069,0,-0.1197,0.0678,0.9905,0,0,2.5759,0,1]},
{"frame":59,"values":[0.9938,0.0348,0.106,0,-0.0233,0.9939,-0.1079,0,-0.1091,0.1047,0.9885,0,0,2.5759,0,1]},
{"frame":60,"values":[0.9965,0.0372,0.0749,0,-0.0271,0.991,-0.1312,0,-0.0791,0.1287,0.9885,0,0,2.5759,0,1]},
{"frame":61,"values":[0.9992,0.0181,0.0367,0,-0.0129,0.9903,-0.1382,0,-0.0389,0.1376,0.9897,0,0,2.5759,0,1]},
{"frame":62,"values":[0.9991,0.0396,0.0143,0,-0.0367,0.9853,-0.1671,0,-0.0207,0.1665,0.9858,0,0,2.5759,0,1]},
{"frame":63,"values":[0.9993,-0.0258,-0.0276,0,0.0212,0.988,-0.1531,0,0.0312,0.1524,0.9878,0,0,2.5759,0,1]},
{"frame":64,"values":[0.9979,-0.0159,-0.0627,0,0.0045,0.984,-0.1782,0,0.0645,0.1775,0.982,0,0,2.5759,0,1]},
{"frame":65,"values":[0.9962,-0.0223,-0.0841,0,0.0054,0.9807,-0.1957,0,0.0868,0.1945,0.9771,0,0,2.5759,0,1]},
{"frame":66,"values":[0.9952,-0.0325,-0.092,0,0.013,0.9788,-0.2043,0,0.0967,0.2022,0.9746,0,0,2.5759,0,1]},
{"frame":67,"values":[0.996,-0.0369,-0.0815,0,0.0215,0.9831,-0.1817,0,0.0869,0.1793,0.98,0,0,2.5759,0,1]},
{"frame":68,"values":[0.9962,-0.0448,-0.0746,0,0.0315,0.9847,-0.1712,0,0.0811,0.1682,0.9824,0,0,2.5759,0,1]},
{"frame":69,"values":[0.9957,-0.0678,-0.0633,0,0.0554,0.982,-0.1806,0,0.0744,0.1763,0.9815,0,0,2.5759,0,1]},
{"frame":70,"values":[0.9982,-0.0531,-0.0275,0,0.047,0.9812,-0.187,0,0.0369,0.1854,0.982,0,0,2.5759,0,1]},
{"frame":71,"values":[0.9991,-0.0417,0.0097,0,0.0428,0.9832,-0.1775,0,-0.0022,0.1777,0.9841,0,0,2.5759,0,1]},
{"frame":72,"values":[0.9985,0.0009,0.0554,0,0.0076,0.9882,-0.1533,0,-0.0549,0.1535,0.9866,0,0,2.5759,0,1]}],"loopBehavior":1,"name":"anim","property":"_matrix"}},
{"name":"mixamorig:Head","index":5,"matrix":[0.9876,-0.0577,0.146,0,0.0908,0.9686,-0.2312,0,-0.1281,0.2416,0.9619,0,0,3.5646,0.0375,1],"rest":[1,0,0,0,0,1,0,0,0,0,1,0,0,3.5646,0.0375,1],"parentBoneIndex":4,"length":10.751
,"animation":{"dataType":3,"framePerSecond":30,"keys":[
{"frame":1,"values":[1,0.0027,-0.0006,0,-0.0028,0.9441,-0.3297,0,-0.0003,0.3297,0.9441,0,0,3.5646,0.0375,1]},
{"frame":2,"values":[0.9981,-0.0142,-0.06,0,-0.0038,0.9573,-0.2892,0,0.0615,0.2889,0.9554,0,0,3.5646,0.0375,1]},
{"frame":3,"values":[0.9963,-0.0347,-0.0788,0,0.0147,0.9705,-0.2406,0,0.0848,0.2385,0.9674,0,0,3.5646,0.0375,1]},
{"frame":4,"values":[0.9968,-0.0477,-0.0649,0,0.0329,0.9766,-0.2126,0,0.0735,0.2098,0.975,0,0,3.5646,0.0375,1]},
{"frame":5,"values":[0.9949,-0.0943,-0.0368,0,0.0856,0.9778,-0.1913,0,0.054,0.1872,0.9808,0,0,3.5646,0.0375,1]},
{"frame":6,"values":[0.9978,-0.0664,0.0034,0,0.0657,0.9772,-0.202,0,0.0101,0.2017,0.9794,0,0,3.5646,0.0375,1]},
{"frame":7,"values":[0.9979,-0.0522,0.0373,0,0.0594,0.972,-0.2272,0,-0.0244,0.2289,0.9731,0,0,3.5646,0.0375,1]},
{"frame":8,"values":[0.997,-0.0452,0.0626,0,0.0603,0.9624,-0.2648,0,-0.0483,0.2678,0.9623,0,0,3.5646,0.0375,1]},
{"frame":9,"values":[0.9961,-0.0456,0.0758,0,0.0706,0.9256,-0.3719,0,-0.0532,0.3758,0.9252,0,0,3.5646,0.0375,1]},
{"frame":10,"values":[0.9933,-0.0032,0.1155,0,0.061,0.8637,-0.5004,0,-0.0982,0.5041,0.8581,0,0,3.5646,0.0375,1]},
{"frame":11,"values":[0.9827,0.0081,0.1851,0,0.1009,0.8148,-0.5709,0,-0.1555,0.5797,0.7999,0,0,3.5646,0.0375,1]},
{"frame":12,"values":[0.9687,0.0677,0.239,0,0.1028,0.7666,-0.6338,0,-0.2261,0.6385,0.7356,0,0,3.5646,0.0375,1]},
{"frame":13,"values":[0.9521,0.0787,0.2956,0,0.1418,0.7427,-0.6545,0,-0.271,0.665,0.6959,0,0,3.5646,0.0375,1]},
{"frame":14,"values":[0.9518,0.0315,0.3051,0,0.18,0.748,-0.6389,0,-0.2483,0.663,0.7062,0,0,3.5646,0.0375,1]},
{"frame":15,"values":[0.9619,0.0228,0.2724,0,0.1746,0.7156,-0.6763,0,-0.2104,0.6981,0.6844,0,0,3.5646,0.0375,1]},
{"frame":16,"values":[0.9629,-0.014,0.2694,0,0.2054,0.6854,-0.6986,0,-0.1749,0.728,0.6629,0,0,3.5646,0.0375,1]},
{"frame":17,"values":[0.9516,-0.0201,0.3068,0,0.2146,0.7581,-0.6158,0,-0.2202,0.6518,0.7257,0,0,3.5646,0.0375,1]},
{"frame":18,"values":[0.968,0.0362,0.2484,0,0.1089,0.8311,-0.5454,0,-0.2262,0.555,0.8005,0,0,3.5646,0.0375,1]},
{"frame":19,"values":[0.9648,0.081,0.2503,0,0.0607,0.8572,-0.5114,0,-0.256,0.5086,0.8221,0,0,3.5646,0.0375,1]},
{"frame":20,"values":[0.9629,0.1161,0.2436,0,0.0196,0.8701,-0.4925,0,-0.2691,0.479,0.8356,0,0,3.5646,0.0375,1]},
{"frame":21,"values":[0.9748,0.1072,0.1958,0,-0.0056,0.8887,-0.4585,0,-0.2232,0.4459,0.8668,0,0,3.5646,0.0375,1]},
{"frame":22,"values":[0.9771,0.1183,0.1768,0,-0.0354,0.9098,-0.4136,0,-0.2098,0.3979,0.8931,0,0,3.5646,0.0375,1]},
{"frame":23,"values":[0.977,0.0955,0.1908,0,-0.014,0.921,-0.3893,0,-0.2129,0.3777,0.9011,0,0,3.5646,0.0375,1]},
{"frame":24,"values":[0.9743,0.0979,0.2028,0,-0.01,0.9185,-0.3953,0,-0.2249,0.3831,0.8959,0,0,3.5646,0.0375,1]},
{"frame":25,"values":[0.9779,0.0704,0.1966,0,0.021,0.9035,-0.428,0,-0.2078,0.4227,0.8821,0,0,3.5646,0.0375,1]},
{"frame":26,"values":[0.9827,0.0756,0.1693,0,0.0194,0.8661,-0.4995,0,-0.1843,0.4942,0.8496,0,0,3.5646,0.0375,1]},
{"frame":27,"values":[0.9923,0.0633,0.1066,0,0.0108,0.8121,-0.5833,0,-0.1235,0.58,0.8052,0,0,3.5646,0.0375,1]},
{"frame":28,"values":[0.9951,0.0015,0.0985,0,0.0572,0.8049,-0.5907,0,-0.0801,0.5934,0.8009,0,0,3.5646,0.0375,1]},
{"frame":29,"values":[0.997,-0.0255,0.0725,0,0.0632,0.8086,-0.585,0,-0.0437,0.5879,0.8078,0,0,3.5646,0.0375,1]},
{"frame":30,"values":[0.9993,-0.0378,0.0075,0,0.0345,0.7926,-0.6087,0,0.017,0.6085,0.7934,0,0,3.5646,0.0375,1]},
{"frame":31,"values":[0.9969,-0.0518,-0.0593,0,0.0106,0.8343,-0.5513,0,0.078,0.5489,0.8322,0,0,3.5646,0.0375,1]},
{"frame":32,"values":[0.9951,-0.0723,-0.0668,0,0.0305,0.8715,-0.4895,0,0.0936,0.4851,0.8695,0,0,3.5646,0.0375,1]},
{"frame":33,"values":[0.9977,-0.047,-0.0494,0,0.0201,0.8952,-0.4453,0,0.0652,0.4432,0.894,0,0,3.5646,0.0375,1]},
{"frame":34,"values":[0.9993,-0.0228,-0.0285,0,0.0097,0.9197,-0.3925,0,0.0352,0.392,0.9193,0,0,3.5646,0.0375,1]},
{"frame":35,"values":[0.9999,-0.0045,-0.0093,0,0.001,0.9373,-0.3485,0,0.0103,0.3484,0.9373,0,0,3.5646,0.0375,1]},
{"frame":36,"values":[1,0.0027,-0.0006,0,-0.0028,0.9441,-0.3297,0,-0.0003,0.3297,0.9441,0,0,3.5646,0.0375,1]},
{"frame":51,"values":[0.9876,-0.0577,0.146,0,0.0908,0.9686,-0.2312,0,-0.1281,0.2416,0.9619,0,0,3.5646,0.0375,1]},
{"frame":52,"values":[0.9758,-0.0427,0.2145,0,0.0838,0.9789,-0.1864,0,-0.202,0.1999,0.9588,0,0,3.5646,0.0375,1]},
{"frame":53,"values":[0.958,-0.0373,0.2845,0,0.0846,0.9842,-0.1556,0,-0.2742,0.1731,0.946,0,0,3.5646,0.0375,1]},
{"frame":54,"values":[0.9404,-0.0158,0.3397,0,0.0526,0.9936,-0.0995,0,-0.336,0.1115,0.9352,0,0,3.5646,0.0375,1]},
