{"producer":{"name":"Blender","version":"2.79 (sub 0)","exporter_version":"5.6.2","file":"run.babylon"},
"autoClear":true,"clearColor":[0.0509,0.0509,0.0509],"ambientColor":[0,0,0],"gravity":[0,-9.81,0],
"materials":[{"name":"run.palettemat","id":"run.palettemat","ambient":[0.8,0.8,0.8],"diffuse":[0.64,0.64,0.64],"specular":[0,0,0],"emissive":[0,0,0],"specularPower":20,"alpha":0,"backFaceCulling":true,"checkReadyOnlyOnce":false,"maxSimultaneousLights":4, 
"diffuseTexture":{"name":"patrick-large.png","level":1,"hasAlpha":1,"coordinatesMode":0,"uOffset":0,"vOffset":0,"uScale":1,"vScale":1,"uAng":0,"vAng":0,"wAng":0,"wrapU":1,"wrapV":1,"coordinatesIndex":0}}],
"multiMaterials":[],
"skeletons":[{"name":"Armature","id":0,"dimensionsAtRest":[23.9827,4.3184,31.9803],"bones":[
{"name":"mixamorig_Hips","index":0,"matrix":[0.998,-0.0531,-0.0354,0,0.0403,0.0928,0.9949,0,0.0495,0.9943,-0.0948,0,-0.0069,-0.1183,8.4234,1],"rest":[1,0,0,0,0,0,1,0,0,1,0,0,0,-0.3435,9.0994,1],"parentBoneIndex":-1,"length":0.0089
,"animation":{"dataType":3,"framePerSecond":24,"keys":[
{"frame":0,"values":[0.998,-0.0531,-0.0354,0,0.0403,0.0928,0.9949,0,0.0495,0.9943,-0.0948,0,-0.0069,-0.1183,8.4234,1]},
{"frame":1,"values":[0.9989,-0.0456,-0.0141,0,0.0182,0.0921,0.9956,0,0.0441,0.9947,-0.0929,0,0.0293,-0.0096,8.5891,1]},
{"frame":2,"values":[0.9974,-0.071,0.0091,0,-0.0028,0.0894,0.996,0,0.0715,0.9935,-0.089,0,-0.0138,0.1519,8.6979,1]},
{"frame":3,"values":[0.9962,-0.0845,0.0215,0,-0.0135,0.0941,0.9955,0,0.0861,0.992,-0.0926,0,-0.0451,0.2705,8.6389,1]},
{"frame":4,"values":[0.9988,-0.0477,0.0054,0,-0.002,0.0708,0.9975,0,0.048,0.9963,-0.0707,0,-0.0509,0.2262,8.5341,1]},
{"frame":5,"values":[0.9977,-0.0672,0.0041,0,-0.0008,0.0478,0.9989,0,0.0673,0.9966,-0.0477,0,-0.0474,0.2043,8.5117,1]},
{"frame":6,"values":[0.9949,-0.1009,0.007,0,-0.003,0.0399,0.9992,0,0.1011,0.9941,-0.0394,0,-0.0654,0.1626,8.3601,1]},
{"frame":7,"values":[0.9947,-0.1029,0.0061,0,-0.0008,0.0513,0.9987,0,0.103,0.9934,-0.0509,0,-0.0579,0.0916,8.1865,1]},
{"frame":8,"values":[0.9953,-0.0967,-0.0019,0,0.0081,0.064,0.9979,0,0.0964,0.9933,-0.0645,0,-0.0645,-0.074,8.2175,1]},
{"frame":9,"values":[0.9954,-0.0889,-0.0357,0,0.0422,0.0729,0.9964,0,0.086,0.9934,-0.0763,0,-0.0511,-0.0802,8.3969,1]},
{"frame":10,"values":[0.9972,-0.0381,-0.065,0,0.0687,0.1052,0.9921,0,0.031,0.9937,-0.1075,0,-0.0361,0.1263,8.5839,1]},
{"frame":11,"values":[0.9972,-0.0085,-0.0739,0,0.0744,0.1452,0.9866,0,-0.0023,0.9894,-0.1454,0,-0.0214,0.2203,8.6344,1]},
{"frame":12,"values":[0.9982,-0.0157,-0.0581,0,0.0597,0.1329,0.9893,0,0.0078,0.991,-0.1336,0,-0.0216,0.2246,8.5011,1]},
{"frame":13,"values":[0.9987,-0.0225,-0.0457,0,0.048,0.112,0.9925,0,0.0173,0.9935,-0.1129,0,-0.0369,0.1892,8.272,1]},
{"frame":14,"values":[0.9986,-0.0327,-0.0407,0,0.044,0.1088,0.9931,0,0.0281,0.9935,-0.1101,0,-0.0198,0.0867,8.1787,1]},
{"frame":15,"values":[0.9976,-0.05,-0.0472,0,0.0524,0.1082,0.9927,0,0.0445,0.9929,-0.1106,0,-0.0129,0.0442,8.147,1]},
{"frame":16,"values":[0.9951,-0.0748,-0.064,0,0.071,0.0956,0.9929,0,0.0682,0.9926,-0.1004,0,-0.0056,-0.0792,8.2307,1]}],"loopBehavior":1,"name":"anim","property":"_matrix"}},
{"name":"mixamorig_Spine","index":1,"matrix":[0.9997,0.0138,-0.0225,0,-0.0118,0.9962,0.0864,0,0.0237,-0.0861,0.996,0,0,1.7168,0.0403,1],"rest":[1,0,0,0,0,1,0,0,0,0,1,0,0,1.7168,0.0403,1],"parentBoneIndex":0,"length":0.0089
,"animation":{"dataType":3,"framePerSecond":24,"keys":[
{"frame":0,"values":[0.9997,0.0138,-0.0225,0,-0.0118,0.9962,0.0864,0,0.0237,-0.0861,0.996,0,0,1.7168,0.0403,1]},
{"frame":1,"values":[0.9988,0.006,-0.0482,0,-0.0023,0.997,0.0773,0,0.0485,-0.0771,0.9958,0,0,1.7168,0.0403,1]},
{"frame":2,"values":[0.9974,-0.0061,-0.0717,0,0.0108,0.9978,0.0653,0,0.0712,-0.0659,0.9953,0,0,1.7168,0.0403,1]},
{"frame":3,"values":[0.9956,-0.018,-0.0921,0,0.0228,0.9984,0.0512,0,0.091,-0.0531,0.9944,0,0,1.7168,0.0403,1]},
{"frame":4,"values":[0.9945,-0.0165,-0.1034,0,0.0218,0.9985,0.0502,0,0.1025,-0.0522,0.9934,0,0,1.7168,0.0403,1]},
{"frame":5,"values":[0.9956,-0.0146,-0.0929,0,0.0201,0.998,0.0592,0,0.0918,-0.0608,0.9939,0,0,1.7168,0.0403,1]},
{"frame":6,"values":[0.9972,-0.0144,-0.0735,0,0.0197,0.9972,0.0723,0,0.0722,-0.0736,0.9947,0,0,1.7168,0.0403,1]},
{"frame":7,"values":[0.9991,-0.0131,-0.0395,0,0.0164,0.9963,0.0848,0,0.0383,-0.0854,0.9956,0,0,1.7168,0.0403,1]},
{"frame":8,"values":[1,-0.0084,0.0014,0,0.0083,0.9955,0.0941,0,-0.0022,-0.0941,0.9956,0,0,1.7168,0.0403,1]},
{"frame":9,"values":[0.9994,0.0016,0.0342,0,-0.0047,0.9956,0.0932,0,-0.0339,-0.0933,0.9951,0,0,1.7168,0.0403,1]},
{"frame":10,"values":[0.9981,0.0146,0.0605,0,-0.0195,0.9965,0.0811,0,-0.0592,-0.0822,0.9949,0,0,1.7168,0.0403,1]},
{"frame":11,"values":[0.9962,0.0273,0.0829,0,-0.0332,0.9969,0.0707,0,-0.0807,-0.0732,0.994,0,0,1.7168,0.0403,1]},
{"frame":12,"values":[0.9948,0.0309,0.0975,0,-0.0383,0.9965,0.0746,0,-0.0948,-0.078,0.9924,0,0,1.7168,0.0403,1]},
{"frame":13,"values":[0.9949,0.0286,0.0968,0,-0.0363,0.9962,0.079,0,-0.0942,-0.0821,0.9922,0,0,1.7168,0.0403,1]},
{"frame":14,"values":[0.9965,0.0299,0.0781,0,-0.0363,0.9959,0.0824,0,-0.0753,-0.085,0.9935,0,0,1.7168,0.0403,1]},
{"frame":15,"values":[0.9986,0.029,0.0439,0,-0.0328,0.9955,0.0886,0,-0.0411,-0.0899,0.9951,0,0,1.7168,0.0403,1]},
{"frame":16,"values":[0.9996,0.0263,0.0115,0,-0.0272,0.9954,0.092,0,-0.009,-0.0922,0.9957,0,0,1.7168,0.0403,1]}],"loopBehavior":1,"name":"anim","property":"_matrix"}},
{"name":"mixamorig_Spine1","index":2,"matrix":[0.9984,0.038,-0.043,0,-0.03,0.9845,0.1726,0,0.0489,-0.171,0.9841,0,0,2.003,0.047,1],"rest":[1,0,0,0,0,1,0,0,0,0,1,0,0,2.003,0.047,1],"parentBoneIndex":1,"length":0.0089
,"animation":{"dataType":3,"framePerSecond":24,"keys":[
{"frame":0,"values":[0.9984,0.038,-0.043,0,-0.03,0.9845,0.1726,0,0.0489,-0.171,0.9841,0,0,2.003,0.047,1]},
{"frame":1,"values":[0.9952,0.024,-0.0946,0,-0.0092,0.9879,0.1545,0,0.0972,-0.1529,0.9835,0,0,2.003,0.047,1]},
{"frame":2,"values":[0.9909,0.0046,-0.1343,0,0.0131,0.9914,0.13,0,0.1337,-0.1306,0.9824,0,0,2.003,0.047,1]},
{"frame":3,"values":[0.9872,-0.0159,-0.1587,0,0.0324,0.9943,0.1017,0,0.1562,-0.1055,0.9821,0,0,2.0029,0.047,1]},
{"frame":4,"values":[0.9858,-0.0199,-0.1667,0,0.0369,0.9944,0.0995,0,0.1638,-0.1042,0.981,0,0,2.003,0.047,1]},
{"frame":5,"values":[0.9887,-0.0196,-0.1487,0,0.0373,0.9924,0.1175,0,0.1452,-0.1217,0.9819,0,0,2.003,0.047,1]},
{"frame":6,"values":[0.9921,-0.0228,-0.1232,0,0.0406,0.9888,0.1435,0,0.1186,-0.1473,0.982,0,0,2.003,0.047,1]},
{"frame":7,"values":[0.9967,-0.0284,-0.0764,0,0.0409,0.9849,0.1683,0,0.0705,-0.1709,0.9828,0,0,2.003,0.047,1]},
{"frame":8,"values":[0.9996,-0.0266,0,0,0.0261,0.982,0.1872,0,-0.005,-0.1871,0.9823,0,0,2.003,0.047,1]},
{"frame":9,"values":[0.9976,-0.0005,0.0697,0,-0.0125,0.9826,0.1853,0,-0.0686,-0.1857,0.9802,0,0,2.003,0.047,1]},
{"frame":10,"values":[0.9922,0.0315,0.1204,0,-0.0508,0.9858,0.1603,0,-0.1136,-0.1652,0.9797,0,0,2.0029,0.047,1]},
{"frame":11,"values":[0.9862,0.0521,0.1571,0,-0.0743,0.9876,0.1384,0,-0.1479,-0.1482,0.9778,0,0,2.003,0.047,1]},
{"frame":12,"values":[0.9839,0.0548,0.1698,0,-0.0802,0.986,0.1464,0,-0.1594,-0.1576,0.9745,0,0,2.003,0.047,1]},
{"frame":13,"values":[0.987,0.0544,0.1514,0,-0.0783,0.9846,0.1561,0,-0.1406,-0.1659,0.9761,0,0,2.003,0.047,1]},
{"frame":14,"values":[0.9898,0.0556,0.1311,0,-0.0768,0.9837,0.1627,0,-0.1199,-0.1711,0.9779,0,0,2.003,0.047,1]},
{"frame":15,"values":[0.9945,0.0596,0.0858,0,-0.074,0.9818,0.175,0,-0.0738,-0.1804,0.9808,0,0,2.003,0.047,1]},
{"frame":16,"values":[0.9974,0.0663,0.029,0,-0.0705,0.9806,0.1826,0,-0.0163,-0.1842,0.9828,0,0,2.003,0.047,1]}],"loopBehavior":1,"name":"anim","property":"_matrix"}},
{"name":"mixamorig_Spine2","index":3,"matrix":[0.9984,0.038,-0.043,0,-0.03,0.9845,0.1726,0,0.0489,-0.171,0.9841,0,0,2.2891,0.0537,1],"rest":[1,0,0,0,0,1,0,0,0,0,1,0,0,2.2891,0.0537,1],"parentBoneIndex":2,"length":0.0089
,"animation":{"dataType":3,"framePerSecond":24,"keys":[
{"frame":0,"values":[0.9984,0.038,-0.043,0,-0.03,0.9845,0.1726,0,0.0489,-0.171,0.9841,0,0,2.2891,0.0537,1]},
{"frame":1,"values":[0.9952,0.024,-0.0946,0,-0.0092,0.9879,0.1545,0,0.0972,-0.1529,0.9835,0,0,2.2891,0.0537,1]},
{"frame":2,"values":[0.9909,0.0046,-0.1343,0,0.0131,0.9914,0.13,0,0.1337,-0.1306,0.9824,0,0,2.2891,0.0537,1]},
{"frame":3,"values":[0.9872,-0.0159,-0.1587,0,0.0324,0.9943,0.1017,0,0.1562,-0.1055,0.9821,0,0,2.2891,0.0537,1]},
{"frame":4,"values":[0.9858,-0.0199,-0.1667,0,0.0369,0.9944,0.0995,0,0.1638,-0.1042,0.981,0,0,2.2891,0.0537,1]},
{"frame":5,"values":[0.9887,-0.0196,-0.1487,0,0.0373,0.9924,0.1175,0,0.1452,-0.1217,0.9819,0,0,2.2891,0.0537,1]},
{"frame":6,"values":[0.9921,-0.0228,-0.1232,0,0.0406,0.9888,0.1435,0,0.1186,-0.1473,0.982,0,0,2.2891,0.0537,1]},
{"frame":7,"values":[0.9967,-0.0284,-0.0764,0,0.0409,0.9849,0.1683,0,0.0705,-0.1709,0.9828,0,0,2.2891,0.0537,1]},
{"frame":8,"values":[0.9996,-0.0266,0,0,0.0261,0.982,0.1872,0,-0.005,-0.1871,0.9823,0,0,2.2891,0.0537,1]},
{"frame":9,"values":[0.9976,-0.0005,0.0697,0,-0.0125,0.9826,0.1853,0,-0.0686,-0.1857,0.9802,0,0,2.2891,0.0537,1]},
{"frame":10,"values":[0.9922,0.0315,0.1204,0,-0.0508,0.9858,0.1603,0,-0.1136,-0.1652,0.9797,0,0,2.2891,0.0537,1]},
{"frame":11,"values":[0.9862,0.0521,0.1571,0,-0.0743,0.9876,0.1384,0,-0.1479,-0.1482,0.9778,0,0,2.2891,0.0537,1]},
{"frame":12,"values":[0.9839,0.0548,0.1698,0,-0.0802,0.986,0.1464,0,-0.1594,-0.1576,0.9745,0,0,2.2891,0.0537,1]},
{"frame":13,"values":[0.987,0.0544,0.1514,0,-0.0783,0.9846,0.1561,0,-0.1406,-0.1659,0.9761,0,0,2.2891,0.0537,1]},
{"frame":14,"values":[0.9898,0.0556,0.1311,0,-0.0768,0.9837,0.1627,0,-0.1199,-0.1711,0.9779,0,0,2.2891,0.0537,1]},
{"frame":15,"values":[0.9945,0.0596,0.0858,0,-0.074,0.9818,0.175,0,-0.0738,-0.1804,0.9808,0,0,2.2891,0.0537,1]},
{"frame":16,"values":[0.9974,0.0663,0.029,0,-0.0705,0.9806,0.1826,0,-0.0163,-0.1842,0.9828,0,0,2.2891,0.0537,1]}],"loopBehavior":1,"name":"anim","property":"_matrix"}},
{"name":"mixamorig_Neck","index":4,"matrix":[0.9985,-0.0004,0.0554,0,0.0076,0.9915,-0.1301,0,-0.0549,0.1303,0.99,0,0,2.5752,0.0604,1],"rest":[1,0,0,0,0,1,0,0,0,0,1,0,0,2.5752,0.0604,1],"parentBoneIndex":3,"length":0.0089
,"animation":{"dataType":3,"framePerSecond":24,"keys":[
{"frame":0,"values":[0.9985,-0.0004,0.0554,0,0.0076,0.9915,-0.1301,0,-0.0549,0.1303,0.99,0,0,2.5752,0.0604,1]},
{"frame":1,"values":[0.9963,-0.0058,0.0858,0,0.0168,0.9917,-0.1273,0,-0.0843,0.1282,0.9882,0,0,2.5752,0.0604,1]},
{"frame":2,"values":[0.993,0.0025,0.1182,0,0.01,0.9944,-0.1053,0,-0.1178,0.1057,0.9874,0,0,2.5752,0.0604,1]},
{"frame":3,"values":[0.9902,0.012,0.1395,0,-0.0031,0.9979,-0.0642,0,-0.1399,0.0631,0.9881,0,0,2.5752,0.0604,1]},
{"frame":4,"values":[0.9897,0.029,0.1403,0,-0.0255,0.9993,-0.0267,0,-0.141,0.0229,0.9897,0,0,2.5752,0.0604,1]},
{"frame":5,"values":[0.9921,0.0113,0.1248,0,-0.0067,0.9993,-0.0374,0,-0.1251,0.0362,0.9915,0,0,2.5752,0.0604,1]},
{"frame":6,"values":[0.9933,0.0217,0.1132,0,-0.0144,0.9978,-0.0651,0,-0.1143,0.063,0.9914,0,0,2.5752,0.0604,1]},
{"frame":7,"values":[0.9959,0.0347,0.0835,0,-0.0261,0.9944,-0.1021,0,-0.0866,0.0995,0.9913,0,0,2.5752,0.0604,1]},
{"frame":8,"values":[0.9992,0.0173,0.0372,0,-0.0129,0.9933,-0.115,0,-0.0389,0.1144,0.9927,0,0,2.5752,0.0604,1]},
{"frame":9,"values":[0.9997,0.0231,0.0045,0,-0.0223,0.9899,-0.1402,0,-0.0077,0.1401,0.9901,0,0,2.5752,0.0604,1]},
{"frame":10,"values":[0.9988,-0.0197,-0.0456,0,0.013,0.9897,-0.1426,0,0.0479,0.1418,0.9887,0,0,2.5752,0.0604,1]},
{"frame":11,"values":[0.9967,-0.0188,-0.0792,0,0.0052,0.9857,-0.1682,0,0.0812,0.1673,0.9826,0,0,2.5752,0.0604,1]},
{"frame":12,"values":[0.9952,-0.0303,-0.0927,0,0.013,0.9833,-0.1813,0,0.0967,0.1792,0.979,0,0,2.5752,0.0604,1]},
{"frame":13,"values":[0.9961,-0.037,-0.0807,0,0.024,0.9875,-0.156,0,0.0854,0.1534,0.9845,0,0,2.5752,0.0604,1]},
{"frame":14,"values":[0.996,-0.0547,-0.0703,0,0.0434,0.9873,-0.1528,0,0.0778,0.1491,0.9858,0,0,2.5752,0.0604,1]},
{"frame":15,"values":[0.9977,-0.0559,-0.0378,0,0.0491,0.9855,-0.1623,0,0.0463,0.1601,0.986,0,0,2.5752,0.0604,1]},
{"frame":16,"values":[0.9991,-0.0419,0.0088,0,0.0428,0.9871,-0.1544,0,-0.0022,0.1546,0.988,0,0,2.5752,0.0604,1]}],"loopBehavior":1,"name":"anim","property":"_matrix"}},
{"name":"mixamorig_Head","index":5,"matrix":[0.9876,-0.0577,0.146,0,0.0908,0.9686,-0.2312,0,-0.1281,0.2416,0.9619,0,0,3.5646,0.0375,1],"rest":[1,0,0,0,0,1,0,0,0,0,1,0,0,3.5646,0.0375,1],"parentBoneIndex":4,"length":0.0089
,"animation":{"dataType":3,"framePerSecond":24,"keys":[
{"frame":0,"values":[0.9876,-0.0577,0.146,0,0.0908,0.9686,-0.2312,0,-0.1281,0.2416,0.9619,0,0,3.5646,0.0375,1]},
{"frame":1,"values":[0.9718,-0.0412,0.2321,0,0.0842,0.9803,-0.1787,0,-0.2202,0.1932,0.9561,0,0,3.5646,0.0375,1]},
{"frame":2,"values":[0.9497,-0.0261,0.3121,0,0.0691,0.9894,-0.1274,0,-0.3055,0.1425,0.9415,0,0,3.5646,0.0375,1]},
{"frame":3,"values":[0.9336,-0.0146,0.3581,0,0.0515,0.9943,-0.0936,0,-0.3547,0.1058,0.929,0,0,3.5646,0.0375,1]},
{"frame":4,"values":[0.942,-0.0281,0.3344,0,0.066,0.9926,-0.1024,0,-0.3291,0.1185,0.9368,0,0,3.5646,0.0375,1]},
{"frame":5,"values":[0.9452,0.0135,0.3263,0,0.018,0.9955,-0.0933,0,-0.3261,0.094,0.9407,0,0,3.5646,0.0375,1]},
{"frame":6,"values":[0.9512,0.0594,0.3029,0,-0.0209,0.9914,-0.1288,0,-0.308,0.1162,0.9443,0,0,3.5646,0.0375,1]},
{"frame":7,"values":[0.9688,0.1025,0.2256,0,-0.0537,0.9756,-0.2128,0,-0.2419,0.1941,0.9507,0,0,3.5646,0.0375,1]},
{"frame":8,"values":[0.9846,0.1217,0.1251,0,-0.0838,0.9585,-0.2725,0,-0.1531,0.2579,0.954,0,0,3.5646,0.0375,1]},
{"frame":9,"values":[0.9974,0.0644,0.0321,0,-0.0541,0.9652,-0.2557,0,-0.0474,0.2533,0.9662,0,0,3.5646,0.0375,1]},
{"frame":10,"values":[0.997,0.0269,-0.0729,0,-0.0417,0.9768,-0.2101,0,0.0655,0.2125,0.975,0,0,3.5646,0.0375,1]},
{"frame":11,"values":[0.9851,-0.0173,-0.1713,0,-0.0118,0.9858,-0.1675,0,0.1718,0.167,0.9709,0,0,3.5646,0.0375,1]},
{"frame":12,"values":[0.9781,-0.0368,-0.2049,0,-0.0018,0.9827,-0.1851,0,0.2081,0.1814,0.9611,0,0,3.5646,0.0375,1]},
{"frame":13,"values":[0.9812,-0.0767,-0.1772,0,0.0381,0.9766,-0.2118,0,0.1893,0.201,0.9611,0,0,3.5646,0.0375,1]},
{"frame":14,"values":[0.9879,-0.0761,-0.1349,0,0.0451,0.9746,-0.2194,0,0.1482,0.2107,0.9663,0,0,3.5646,0.0375,1]},
{"frame":15,"values":[0.9962,-0.0721,-0.0497,0,0.0573,0.9655,-0.2539,0,0.0663,0.2501,0.9659,0,0,3.5646,0.0375,1]},
{"frame":16,"values":[0.9961,-0.0633,0.0612,0,0.0771,0.9629,-0.2584,0,-0.0426,0.2622,0.9641,0,0,3.5646,0.0375,1]}],"loopBehavior":1,"name":"anim","property":"_matrix"}},
{"name":"mixamorig_HeadTop_End","index":6,"matrix":[1,0,0,0,0,1,0,0,0,0,1,0,0,10.7504,0.1132,1],"rest":[1,0,0,0,0,1,0,0,0,0,1,0,0,10.7504,0.1132,1],"parentBoneIndex":5,"length":0.0089
,"animation":{"dataType":3,"framePerSecond":24,"keys":[
{"frame":0,"values":[1,0,0,0,0,1,0,0,0,0,1,0,0,10.7504,0.1132,1]},
{"frame":16,"values":[1,0,0,0,0,1,0,0,0,0,1,0,0,10.7504,0.1132,1]}],"loopBehavior":1,"name":"anim","property":"_matrix"}},
{"name":"mixamorig_LeftShoulder","index":7,"matrix":[-0.0145,0.0235,-0.9996,0,0.1233,0.9921,0.0215,0,0.9923,-0.123,-0.0173,0,1.3902,1.8141,0.0467,1],"rest":[-0.0362,0,-0.9993,0,0,1,0,0,0.9993,0,-0.0362,0,1.3902,1.8141,0.0467,1],"parentBoneIndex":3,"length":0.0089
,"animation":{"dataType":3,"framePerSecond":24,"keys":[
{"frame":0,"values":[-0.0145,0.0235,-0.9996,0,0.1233,0.9921,0.0215,0,0.9923,-0.123,-0.0173,0,1.3902,1.8141,0.0467,1]},
{"frame":1,"values":[-0.0341,0.0243,-0.9991,0,0.111,0.9936,0.0204,0,0.9932,-0.1102,-0.0365,0,1.3902,1.8141,0.0467,1]},
{"frame":2,"values":[-0.0557,0.0246,-0.9981,0,0.0957,0.9952,0.0192,0,0.9938,-0.0945,-0.0578,0,1.3902,1.8141,0.0467,1]},
{"frame":3,"values":[-0.0735,0.0243,-0.997,0,0.0835,0.9963,0.0182,0,0.9938,-0.0819,-0.0752,0,1.3902,1.8141,0.0467,1]},
{"frame":4,"values":[-0.0789,0.024,-0.9966,0,0.0831,0.9964,0.0175,0,0.9934,-0.0814,-0.0806,0,1.3902,1.8141,0.0467,1]},
{"frame":5,"values":[-0.0607,0.0243,-0.9979,0,0.1024,0.9946,0.018,0,0.9929,-0.1011,-0.0629,0,1.3902,1.8141,0.0467,1]},
{"frame":6,"values":[-0.0242,0.0238,-0.9994,0,0.1293,0.9914,0.0204,0,0.9913,-0.1287,-0.0271,0,1.3902,1.8141,0.0467,1]},
{"frame":7,"values":[0.0197,0.0218,-0.9996,0,0.1481,0.9887,0.0245,0,0.9888,-0.1485,0.0162,0,1.3902,1.8141,0.0467,1]},
{"frame":8,"values":[0.0572,0.0204,-0.9982,0,0.1508,0.9881,0.0288,0,0.9869,-0.1522,0.0534,0,1.3902,1.8141,0.0467,1]},
{"frame":9,"values":[0.0741,0.0205,-0.997,0,0.1445,0.989,0.0311,0,0.9867,-0.1464,0.0703,0,1.3902,1.8141,0.0467,1]},
{"frame":10,"values":[0.0738,0.0209,-0.9971,0,0.1423,0.9893,0.0312,0,0.9871,-0.1442,0.07,0,1.3902,1.8141,0.0467,1]},
{"frame":11,"values":[0.0672,0.0208,-0.9975,0,0.1458,0.9888,0.0304,0,0.987,-0.1475,0.0634,0,1.3902,1.8141,0.0467,1]},
{"frame":12,"values":[0.0647,0.0204,-0.9977,0,0.1509,0.9881,0.03,0,0.9864,-0.1525,0.0609,0,1.3902,1.8141,0.0467,1]},
{"frame":13,"values":[0.0671,0.02,-0.9975,0,0.1545,0.9875,0.0302,0,0.9857,-0.1562,0.0632,0,1.3902,1.8141,0.0467,1]},
{"frame":14,"values":[0.0641,0.0201,-0.9977,0,0.1544,0.9876,0.0298,0,0.9859,-0.1559,0.0602,0,1.3902,1.8141,0.0467,1]},
{"frame":15,"values":[0.0483,0.0212,-0.9986,0,0.1472,0.9887,0.0281,0,0.9879,-0.1484,0.0447,0,1.3902,1.8141,0.0467,1]},
{"frame":16,"values":[0.0183,0.0226,-0.9996,0,0.1339,0.9907,0.0249,0,0.9908,-0.1343,0.0151,0,1.3902,1.8141,0.0467,1]}],"loopBehavior":1,"name":"anim","property":"_matrix"}},
{"name":"mixamorig_LeftArm","index":8,"matrix":[0.8456,0.4452,-0.2947,0,0.0185,0.5273,0.8495,0,0.5336,-0.7237,0.4376,0,-0.0766,-1.5229,2.8775,1],"rest":[0.9998,0,-0.0215,0,0,1,0,0,0.0215,0,0.9998,0,-0.0766,-1.5229,2.8775,1],"parentBoneIndex":7,"length":0.0089
,"animation":{"dataType":3,"framePerSecond":24,"keys":[
{"frame":0,"values":[0.8456,0.4452,-0.2947,0,0.0185,0.5273,0.8495,0,0.5336,-0.7237,0.4376,0,-0.0766,-1.5229,2.8775,1]},
{"frame":1,"values":[0.8175,0.4694,-0.3336,0,-0.0063,0.5865,0.8099,0,0.5759,-0.66,0.4824,0,-0.0766,-1.5229,2.8775,1]},
{"frame":2,"values":[0.8027,0.4856,-0.3461,0,-0.0652,0.6484,0.7585,0,0.5928,-0.5863,0.5522,0,-0.0766,-1.5229,2.8775,1]},
{"frame":3,"values":[0.7963,0.4971,-0.3448,0,-0.1275,0.6951,0.7075,0,0.5914,-0.5194,0.6169,0,-0.0766,-1.5229,2.8775,1]},
{"frame":4,"values":[0.8028,0.4934,-0.3346,0,-0.1638,0.7222,0.672,0,0.5733,-0.4847,0.6606,0,-0.0766,-1.5229,2.8775,1]},
{"frame":5,"values":[0.8503,0.4324,-0.3,0,-0.1454,0.7408,0.6558,0,0.5058,-0.514,0.6928,0,-0.0766,-1.5229,2.8775,1]},
{"frame":6,"values":[0.9247,0.3044,-0.2285,0,-0.0823,0.7461,0.6607,0,0.3716,-0.5922,0.715,0,-0.0766,-1.5229,2.8775,1]},
{"frame":7,"values":[0.9799,0.1445,-0.1375,0,-0.0072,0.7144,0.6997,0,0.1994,-0.6847,0.701,0,-0.0766,-1.5229,2.8775,1]},
{"frame":8,"values":[0.9972,0.0135,-0.0733,0,0.0464,0.6566,0.7528,0,0.0583,-0.7541,0.6541,0,-0.0766,-1.5229,2.8775,1]},
{"frame":9,"values":[0.996,-0.0549,-0.0708,0,0.0896,0.6247,0.7757,0,0.0017,-0.7789,0.6271,0,-0.0766,-1.5229,2.8775,1]},
{"frame":10,"values":[0.99,-0.0905,-0.1081,0,0.141,0.6292,0.7643,0,-0.0011,-0.7719,0.6357,0,-0.0766,-1.5229,2.8775,1]},
{"frame":11,"values":[0.982,-0.1089,-0.1544,0,0.1879,0.6483,0.7378,0,0.0197,-0.7535,0.6571,0,-0.0766,-1.5229,2.8775,1]},
{"frame":12,"values":[0.9766,-0.0973,-0.1916,0,0.2074,0.6603,0.7218,0,0.0563,-0.7447,0.665,0,-0.0766,-1.5229,2.8775,1]},
{"frame":13,"values":[0.9749,-0.0172,-0.2218,0,0.1784,0.6565,0.733,0,0.133,-0.7542,0.6431,0,-0.0766,-1.5229,2.8775,1]},
{"frame":14,"values":[0.964,0.1112,-0.2417,0,0.1182,0.6348,0.7636,0,0.2383,-0.7647,0.5987,0,-0.0766,-1.5229,2.8775,1]},
{"frame":15,"values":[0.9368,0.2478,-0.2469,0,0.0537,0.5957,0.8014,0,0.3457,-0.764,0.5448,0,-0.0766,-1.5229,2.8775,1]},
{"frame":16,"values":[0.8942,0.3668,-0.2569,0,0.0131,0.552,0.8338,0,0.4476,-0.7489,0.4887,0,-0.0766,-1.5229,2.8775,1]}],"loopBehavior":1,"name":"anim","property":"_matrix"}},
{"name":"mixamorig_LeftForeArm","index":9,"matrix":[-0.2405,-0.1815,0.9535,0,-0.0469,0.9834,0.1753,0,-0.9695,-0.0025,-0.245,0,-0.4179,0.1353,3.7455,1],"rest":[0.9977,0,-0.0682,0,0,1,0,0,0.0682,0,0.9977,0,-0.4179,0.1353,3.7455,1],"parentBoneIndex":8,"length":0.0089
,"animation":{"dataType":3,"framePerSecond":24,"keys":[
{"frame":0,"values":[-0.2405,-0.1815,0.9535,0,-0.0469,0.9834,0.1753,0,-0.9695,-0.0025,-0.245,0,-0.4179,0.1353,3.7455,1]},
{"frame":1,"values":[-0.102,-0.1085,0.9888,0,-0.0737,0.9921,0.1013,0,-0.9921,-0.0625,-0.1092,0,-0.4179,0.1353,3.7455,1]},
{"frame":2,"values":[0.0321,-0.0316,0.999,0,-0.0983,0.9946,0.0346,0,-0.9946,-0.0993,0.0288,0,-0.4179,0.1353,3.7455,1]},
{"frame":3,"values":[0.1252,0.0229,0.9919,0,-0.1173,0.9931,-0.0082,0,-0.9852,-0.1153,0.127,0,-0.4179,0.1353,3.7455,1]},
{"frame":4,"values":[0.1625,0.038,0.986,0,-0.1288,0.9915,-0.017,0,-0.9783,-0.1243,0.166,0,-0.4179,0.1353,3.7455,1]},
{"frame":5,"values":[0.1548,0.0105,0.9879,0,-0.1386,0.9903,0.0112,0,-0.9782,-0.1387,0.1547,0,-0.4179,0.1353,3.7455,1]},
{"frame":6,"values":[0.1355,-0.0395,0.99,0,-0.1419,0.9881,0.0588,0,-0.9806,-0.1484,0.1283,0,-0.4179,0.1353,3.7455,1]},
{"frame":7,"values":[0.1098,-0.0988,0.989,0,-0.1234,0.986,0.1122,0,-0.9863,-0.1344,0.096,0,-0.4179,0.1353,3.7455,1]},
{"frame":8,"values":[0.0581,-0.1575,0.9858,0,-0.0767,0.9838,0.1617,0,-0.9954,-0.085,0.0451,0,-0.4179,0.1353,3.7455,1]},
{"frame":9,"values":[-0.0508,-0.2071,0.977,0,-0.0108,0.9783,0.2068,0,-0.9986,-0.0001,-0.052,0,-0.4179,0.1353,3.7455,1]},
{"frame":10,"values":[-0.1997,-0.2399,0.95,0,0.0499,0.9658,0.2544,0,-0.9786,0.0982,-0.1809,0,-0.4179,0.1353,3.7455,1]},
{"frame":11,"values":[-0.348,-0.2513,0.9032,0,0.0888,0.9502,0.2987,0,-0.9333,0.1841,-0.3084,0,-0.4179,0.1353,3.7455,1]},
{"frame":12,"values":[-0.4578,-0.2484,0.8536,0,0.0988,0.94,0.3266,0,-0.8836,0.2338,-0.4058,0,-0.4179,0.1353,3.7455,1]},
{"frame":13,"values":[-0.5033,-0.2509,0.8269,0,0.0762,0.9403,0.3316,0,-0.8607,0.2299,-0.4542,0,-0.4179,0.1353,3.7455,1]},
{"frame":14,"values":[-0.4885,-0.2662,0.831,0,0.033,0.946,0.3225,0,-0.8719,0.1849,-0.4533,0,-0.4179,0.1353,3.7455,1]},
{"frame":15,"values":[-0.4168,-0.2758,0.8661,0,-0.0138,0.9547,0.2974,0,-0.9089,0.112,-0.4017,0,-0.4179,0.1353,3.7455,1]},
{"frame":16,"values":[-0.3141,-0.2477,0.9165,0,-0.0449,0.9682,0.2463,0,-0.9483,0.0362,-0.3152,0,-0.4179,0.1353,3.7455,1]}],"loopBehavior":1,"name":"anim","property":"_matrix"}},
{"name":"mixamorig_LeftHand","index":10,"matrix":[0.345,0.9323,0.1083,0,0.5246,-0.0958,-0.8459,0,-0.7783,0.3487,-0.5221,0,-0.4202,0.0756,3.8644,1],"rest":[0.4383,0,0.8988,0,0,1,0,0,-0.8988,0,0.4383,0,-0.4202,0.0756,3.8644,1],"parentBoneIndex":9,"length":0.0089
,"animation":{"dataType":3,"framePerSecond":24,"keys":[
{"frame":0,"values":[0.345,0.9323,0.1083,0,0.5246,-0.0958,-0.8459,0,-0.7783,0.3487,-0.5221,0,-0.4202,0.0756,3.8644,1]},
{"frame":1,"values":[0.3049,0.9468,0.1025,0,0.535,-0.0812,-0.8409,0,-0.7879,0.3112,-0.5313,0,-0.4202,0.0756,3.8644,1]},
{"frame":2,"values":[0.2966,0.9499,0.0982,0,0.5404,-0.0821,-0.8374,0,-0.7874,0.3014,-0.5377,0,-0.4202,0.0756,3.8644,1]},
{"frame":3,"values":[0.3081,0.9463,0.0984,0,0.5413,-0.0893,-0.8361,0,-0.7823,0.3108,-0.5397,0,-0.4202,0.0756,3.8644,1]},
{"frame":4,"values":[0.3307,0.9378,0.1058,0,0.5391,-0.0957,-0.8368,0,-0.7746,0.3338,-0.5372,0,-0.4202,0.0756,3.8644,1]},
{"frame":5,"values":[0.3656,0.9229,0.121,0,0.5365,-0.1027,-0.8376,0,-0.7606,0.3711,-0.5327,0,-0.4202,0.0756,3.8644,1]},
{"frame":6,"values":[0.4108,0.9018,0.1338,0,0.5362,-0.1203,-0.8355,0,-0.7374,0.415,-0.533,0,-0.4202,0.0756,3.8644,1]},
{"frame":7,"values":[0.4569,0.8794,0.1339,0,0.5378,-0.1531,-0.8291,0,-0.7086,0.4508,-0.5429,0,-0.4202,0.0756,3.8644,1]},
{"frame":8,"values":[0.4899,0.8631,0.1224,0,0.5412,-0.1911,-0.8189,0,-0.6834,0.4674,-0.5608,0,-0.4202,0.0756,3.8644,1]},
{"frame":9,"values":[0.5009,0.858,0.1137,0,0.5478,-0.2125,-0.8092,0,-0.6701,0.4676,-0.5764,0,-0.4202,0.0756,3.8644,1]},
{"frame":10,"values":[0.4995,0.8581,0.1191,0,0.5542,-0.2109,-0.8052,0,-0.6658,0.4682,-0.5809,0,-0.4202,0.0756,3.8644,1]},
{"frame":11,"values":[0.4934,0.8591,0.136,0,0.5573,-0.1922,-0.8077,0,-0.6678,0.4743,-0.5737,0,-0.4202,0.0756,3.8644,1]},
{"frame":12,"values":[0.4816,0.8625,0.1556,0,0.5584,-0.1651,-0.813,0,-0.6755,0.4784,-0.5611,0,-0.4202,0.0756,3.8644,1]},
{"frame":13,"values":[0.4579,0.8736,0.1646,0,0.5576,-0.138,-0.8186,0,-0.6924,0.4666,-0.5503,0,-0.4202,0.0756,3.8644,1]},
{"frame":14,"values":[0.4331,0.8875,0.1573,0,0.5567,-0.1261,-0.8211,0,-0.7089,0.4432,-0.5487,0,-0.4202,0.0756,3.8644,1]},
{"frame":15,"values":[0.4178,0.8982,0.1365,0,0.5562,-0.1341,-0.8202,0,-0.7184,0.4186,-0.5556,0,-0.4202,0.0756,3.8644,1]},
{"frame":16,"values":[0.3976,0.9102,0.116,0,0.5497,-0.1351,-0.8243,0,-0.7346,0.3915,-0.5541,0,-0.4202,0.0756,3.8644,1]}],"loopBehavior":1,"name":"anim","property":"_matrix"}},
{"name":"mixamorig_LeftHandIndex1","index":11,"matrix":[-0.2257,0,0.9742,0,0,1,0,0,-0.9742,0,-0.2257,0,-0.0394,-0.7186,-0.0711,1],"rest":[-0.2257,0,0.9742,0,0,1,0,0,-0.9742,0,-0.2257,0,-0.0394,-0.7186,-0.0711,1],"parentBoneIndex":10,"length":0.0089
,"animation":{"dataType":3,"framePerSecond":24,"keys":[
{"frame":0,"values":[-0.2257,0,0.9742,0,0,1,0,0,-0.9742,0,-0.2257,0,-0.0394,-0.7186,-0.0711,1]},
{"frame":1,"values":[-0.229,0.0066,0.9734,0,-0.0385,0.9991,-0.0158,0,-0.9727,-0.0411,-0.2285,0,-0.0394,-0.7186,-0.0711,1]},
{"frame":2,"values":[-0.2363,0.0195,0.9715,0,-0.1155,0.9922,-0.048,0,-0.9648,-0.1235,-0.2322,0,-0.0394,-0.7186,-0.0711,1]},
{"frame":3,"values":[-0.2446,0.0316,0.9691,0,-0.1915,0.9782,-0.0803,0,-0.9505,-0.2052,-0.2332,0,-0.0394,-0.7186,-0.0711,1]},
{"frame":4,"values":[-0.249,0.0374,0.9678,0,-0.2287,0.9687,-0.0963,0,-0.9411,-0.2453,-0.2327,0,-0.0394,-0.7186,-0.0711,1]},
{"frame":5,"values":[-0.2478,0.0359,0.9681,0,-0.2187,0.9715,-0.092,0,-0.9438,-0.2345,-0.2329,0,-0.0394,-0.7186,-0.0711,1]},
{"frame":6,"values":[-0.2449,0.032,0.969,0,-0.1941,0.9776,-0.0814,0,-0.9499,-0.208,-0.2332,0,-0.0394,-0.7186,-0.0711,1]},
{"frame":7,"values":[-0.2409,0.0265,0.9702,0,-0.1588,0.9851,-0.0663,0,-0.9575,-0.17,-0.2331,0,-0.0394,-0.7186,-0.0711,1]},
{"frame":8,"values":[-0.2364,0.0197,0.9715,0,-0.1167,0.992,-0.0485,0,-0.9646,-0.1248,-0.2322,0,-0.0394,-0.7186,-0.0711,1]},
{"frame":9,"values":[-0.232,0.0123,0.9726,0,-0.0722,0.9969,-0.0298,0,-0.97,-0.0772,-0.2304,0,-0.0394,-0.7186,-0.0711,1]},
{"frame":10,"values":[-0.2283,0.0052,0.9736,0,-0.0305,0.9995,-0.0125,0,-0.9731,-0.0326,-0.228,0,-0.0394,-0.7186,-0.0711,1]},
{"frame":11,"values":[-0.2254,-0.0007,0.9743,0,0.0042,1,0.0017,0,-0.9743,0.0044,-0.2254,0,-0.0394,-0.7186,-0.0711,1]},
{"frame":12,"values":[-0.2235,-0.0048,0.9747,0,0.0275,0.9996,0.0112,0,-0.9743,0.0293,-0.2233,0,-0.0394,-0.7186,-0.0711,1]},
{"frame":13,"values":[-0.2231,-0.0057,0.9748,0,0.0328,0.9994,0.0134,0,-0.9742,0.035,-0.2228,0,-0.0394,-0.7186,-0.0711,1]},
{"frame":14,"values":[-0.2236,-0.0045,0.9747,0,0.026,0.9996,0.0106,0,-0.9743,0.0277,-0.2234,0,-0.0394,-0.7186,-0.0711,1]},
{"frame":15,"values":[-0.2245,-0.0025,0.9745,0,0.0143,0.9999,0.0059,0,-0.9744,0.0153,-0.2245,0,-0.0394,-0.7186,-0.0711,1]},
{"frame":16,"values":[-0.2254,-0.0006,0.9743,0,0.0035,1,0.0014,0,-0.9743,0.0037,-0.2254,0,-0.0394,-0.7186,-0.0711,1]}],"loopBehavior":1,"name":"anim","property":"_matrix"}},
{"name":"mixamorig_LeftHandIndex2","index":12,"matrix":[0.9986,0,-0.0534,0,0,1,0,0,0.0534,0,0.9986,0,-0.0261,-0.019,0.1558,1],"rest":[0.9986,0,-0.0534,0,0,1,0,0,0.0534,0,0.9986,0,-0.0261,-0.019,0.1558,1],"parentBoneIndex":11,"length":0.0089
,"animation":{"dataType":3,"framePerSecond":24,"keys":[
{"frame":0,"values":[0.9986,0,-0.0534,0,0,1,0,0,0.0534,0,0.9986,0,-0.0261,-0.019,0.1558,1]},
{"frame":1,"values":[0.9987,0.0108,-0.0495,0,-0.0088,0.9991,0.0406,0,0.0499,-0.0402,0.9979,0,-0.0261,-0.019,0.1558,1]},
{"frame":2,"values":[0.9987,0.032,-0.0403,0,-0.0268,0.9922,0.122,0,0.0439,-0.1208,0.9917,0,-0.0261,-0.019,0.1558,1]},
{"frame":3,"values":[0.9982,0.0523,-0.0294,0,-0.0453,0.9783,0.2024,0,0.0394,-0.2007,0.9789,0,-0.0261,-0.019,0.1558,1]},
{"frame":4,"values":[0.9978,0.0621,-0.0234,0,-0.0546,0.9688,0.2418,0,0.0377,-0.24,0.97,0,-0.0261,-0.019,0.1558,1]},
{"frame":5,"values":[0.9979,0.0594,-0.0251,0,-0.0521,0.9715,0.2312,0,0.0381,-0.2294,0.9726,0,-0.0261,-0.019,0.1558,1]},
{"frame":6,"values":[0.9982,0.053,-0.029,0,-0.0459,0.9776,0.2052,0,0.0392,-0.2035,0.9783,0,-0.0261,-0.019,0.1558,1]},
{"frame":7,"values":[0.9985,0.0436,-0.0343,0,-0.0373,0.9851,0.1678,0,0.0412,-0.1663,0.9852,0,-0.0261,-0.019,0.1558,1]},
{"frame":8,"values":[0.9987,0.0323,-0.0402,0,-0.0271,0.992,0.1233,0,0.0438,-0.1221,0.9916,0,-0.0261,-0.019,0.1558,1]},
{"frame":9,"values":[0.9988,0.0201,-0.0457,0,-0.0166,0.9969,0.0763,0,0.0471,-0.0754,0.996,0,-0.0261,-0.019,0.1558,1]},
{"frame":10,"values":[0.9987,0.0086,-0.0504,0,-0.0069,0.9995,0.0322,0,0.0506,-0.0318,0.9982,0,-0.0261,-0.019,0.1558,1]},
{"frame":11,"values":[0.9985,-0.0012,-0.0538,0,0.0009,1,-0.0044,0,0.0538,0.0043,0.9985,0,-0.0261,-0.019,0.1558,1]},
{"frame":12,"values":[0.9984,-0.0078,-0.056,0,0.0062,0.9996,-0.029,0,0.0562,0.0286,0.998,0,-0.0261,-0.019,0.1558,1]},
{"frame":13,"values":[0.9984,-0.0093,-0.0564,0,0.0073,0.9994,-0.0346,0,0.0567,0.0342,0.9978,0,-0.0261,-0.019,0.1558,1]},
{"frame":14,"values":[0.9984,-0.0074,-0.0558,0,0.0058,0.9996,-0.0274,0,0.056,0.0271,0.9981,0,-0.0261,-0.019,0.1558,1]},
{"frame":15,"values":[0.9985,-0.0041,-0.0548,0,0.0032,0.9999,-0.0151,0,0.0548,0.0149,0.9984,0,-0.0261,-0.019,0.1558,1]},
{"frame":16,"values":[0.9986,-0.001,-0.0538,0,0.0008,1,-0.0037,0,0.0538,0.0036,0.9985,0,-0.0261,-0.019,0.1558,1]}],"loopBehavior":1,"name":"anim","property":"_matrix"}},
{"name":"mixamorig_LeftHandIndex3","index":13,"matrix":[0.9872,-0.1589,-0.0115,0,-0.1581,-0.9675,-0.1972,0,0.0202,0.1965,-0.9803,0,0.0007,0.0148,0.0031,1],"rest":[0.9284,0,0.3717,0,0,1,0,0,-0.3717,0,0.9284,0,0.0946,-0.0778,-0.2859,1],"parentBoneIndex":12,"length":0.0089
,"animation":{"dataType":3,"framePerSecond":24,"keys":[
{"frame":0,"values":[0.9872,-0.1589,-0.0115,0,-0.1581,-0.9675,-0.1972,0,0.0202,0.1965,-0.9803,0,0.0007,0.0148,0.0031,1]},
{"frame":4,"values":[0.9872,-0.159,-0.0115,0,-0.1581,-0.9675,-0.1972,0,0.0202,0.1965,-0.9803,0,0.0007,0.0148,0.0031,1]},
{"frame":5,"values":[0.9872,-0.1589,-0.0115,0,-0.1581,-0.9675,-0.1972,0,0.0202,0.1965,-0.9803,0,0.0007,0.0148,0.0031,1]},
{"frame":8,"values":[0.9872,-0.159,-0.0115,0,-0.1581,-0.9675,-0.1972,0,0.0202,0.1965,-0.9803,0,0.0007,0.0148,0.0031,1]},
{"frame":10,"values":[0.9872,-0.1589,-0.0115,0,-0.1581,-0.9675,-0.1972,0,0.0202,0.1965,-0.9803,0,0.0007,0.0148,0.0031,1]},
{"frame":13,"values":[0.9872,-0.159,-0.0115,0,-0.1581,-0.9675,-0.1972,0,0.0202,0.1965,-0.9803,0,0.0007,0.0148,0.0031,1]},
{"frame":15,"values":[0.9872,-0.1589,-0.0115,0,-0.1581,-0.9675,-0.1972,0,0.0202,0.1965,-0.9803,0,0.0007,0.0148,0.0031,1]},
{"frame":16,"values":[0.9872,-0.159,-0.0115,0,-0.1581,-0.9675,-0.1972,0,0.0202,0.1965,-0.9803,0,0.0007,0.0148,0.0031,1]}],"loopBehavior":1,"name":"anim","property":"_matrix"}},
{"name":"mixamorig_LeftHandIndex4","index":14,"matrix":[1,0,0,0,0,1,0,0,0,0,1,0,-0.001,-0.0089,0,1],"rest":[1,0,0,0,0,1,0,0,0,0,1,0,-0.001,-0.0089,0,1],"parentBoneIndex":13,"length":0.0089
,"animation":{"dataType":3,"framePerSecond":24,"keys":[
{"frame":0,"values":[1,0,0,0,0,1,0,0,0,0,1,0,-0.001,-0.0089,0,1]},
{"frame":16,"values":[1,0,0,0,0,1,0,0,0,0,1,0,-0.001,-0.0089,0,1]}],"loopBehavior":1,"name":"anim","property":"_matrix"}},
{"name":"mixamorig_RightShoulder","index":15,"matrix":[0.0883,-0.0158,0.996,0,-0.1299,0.9912,0.0272,0,-0.9876,-0.1318,0.0854,0,-1.3902,1.8141,0.0742,1],"rest":[-0.0174,0,0.9998,0,0,1,0,0,-0.9998,0,-0.0174,0,-1.3902,1.8141,0.0742,1],"parentBoneIndex":3,"length":0.0089
,"animation":{"dataType":3,"framePerSecond":24,"keys":[
{"frame":0,"values":[0.0883,-0.0158,0.996,0,-0.1299,0.9912,0.0272,0,-0.9876,-0.1318,0.0854,0,-1.3902,1.8141,0.0742,1]},
{"frame":1,"values":[0.1191,-0.0189,0.9927,0,-0.1093,0.9935,0.0321,0,-0.9868,-0.1123,0.1163,0,-1.3902,1.8141,0.0742,1]},
{"frame":2,"values":[0.1249,-0.0185,0.992,0,-0.1142,0.9929,0.0329,0,-0.9856,-0.1174,0.1219,0,-1.3902,1.8141,0.0742,1]},
{"frame":3,"values":[0.122,-0.0178,0.9924,0,-0.1189,0.9924,0.0324,0,-0.9854,-0.1219,0.1189,0,-1.3902,1.8141,0.0742,1]},
{"frame":4,"values":[0.1412,-0.02,0.9898,0,-0.106,0.9937,0.0352,0,-0.9843,-0.1098,0.1382,0,-1.3902,1.8141,0.0742,1]},
{"frame":5,"values":[0.1318,-0.0209,0.9911,0,-0.0969,0.9947,0.0338,0,-0.9865,-0.1004,0.1291,0,-1.3902,1.8141,0.0742,1]},
{"frame":6,"values":[0.1148,-0.0189,0.9932,0,-0.108,0.9937,0.0314,0,-0.9875,-0.1108,0.112,0,-1.3902,1.8141,0.0742,1]},
{"frame":7,"values":[0.0907,-0.0181,0.9957,0,-0.1083,0.9937,0.0279,0,-0.99,-0.1103,0.0882,0,-1.3902,1.8141,0.0742,1]},
{"frame":8,"values":[0.0707,-0.0183,0.9973,0,-0.0986,0.9948,0.0252,0,-0.9926,-0.1001,0.0686,0,-1.3902,1.8141,0.0742,1]},
{"frame":9,"values":[0.0261,-0.0155,0.9995,0,-0.1116,0.9936,0.0183,0,-0.9934,-0.1121,0.0242,0,-1.3902,1.8141,0.0742,1]},
{"frame":10,"values":[0.0038,-0.0167,0.9999,0,-0.0768,0.9969,0.0169,0,-0.997,-0.0769,0.0025,0,-1.3902,1.8141,0.0742,1]},
{"frame":11,"values":[-0.0196,-0.0166,0.9997,0,-0.0498,0.9986,0.0156,0,-0.9986,-0.0494,-0.0204,0,-1.3902,1.8141,0.0742,1]},
{"frame":12,"values":[-0.0531,-0.0147,0.9985,0,-0.0248,0.9996,0.0134,0,-0.9983,-0.0241,-0.0535,0,-1.3902,1.8141,0.0742,1]},
{"frame":13,"values":[-0.0515,-0.0144,0.9986,0,-0.0399,0.9991,0.0123,0,-0.9979,-0.0392,-0.052,0,-1.3902,1.8141,0.0742,1]},
{"frame":14,"values":[-0.0369,-0.0144,0.9992,0,-0.0685,0.9976,0.0118,0,-0.997,-0.068,-0.0378,0,-1.3902,1.8141,0.0742,1]},
{"frame":15,"values":[-0.0091,-0.014,0.9999,0,-0.1107,0.9938,0.0129,0,-0.9938,-0.1106,-0.0105,0,-1.3902,1.8141,0.0742,1]},
{"frame":16,"values":[0.0455,-0.0145,0.9989,0,-0.1319,0.9911,0.0204,0,-0.9902,-0.1327,0.0432,0,-1.3902,1.8141,0.0742,1]}],"loopBehavior":1,"name":"anim","property":"_matrix"}},
{"name":"mixamorig_RightArm","index":16,"matrix":[0.9775,-0.1051,0.1828,0,-0.0632,0.681,0.7295,0,-0.2012,-0.7247,0.659,0,0.0778,-1.5229,2.8775,1],"rest":[0.9998,0,-0.0197,0,0,1,0,0,0.0197,0,0.9998,0,0.0778,-1.5229,2.8774,1],"parentBoneIndex":15,"length":0.0089
,"animation":{"dataType":3,"framePerSecond":24,"keys":[
{"frame":0,"values":[0.9775,-0.1051,0.1828,0,-0.0632,0.681,0.7295,0,-0.2012,-0.7247,0.659,0,0.0778,-1.5229,2.8775,1]},
{"frame":1,"values":[0.9921,0.0053,0.125,0,-0.0955,0.6772,0.7295,0,-0.0808,-0.7358,0.6724,0,0.0778,-1.5229,2.8775,1]},
{"frame":2,"values":[0.9928,0.0296,0.1162,0,-0.1054,0.6774,0.728,0,-0.0572,-0.735,0.6757,0,0.0778,-1.5229,2.8775,1]},
{"frame":3,"values":[0.9941,0.0422,0.0996,0,-0.1011,0.689,0.7177,0,-0.0383,-0.7235,0.6892,0,0.0778,-1.5229,2.8775,1]},
{"frame":4,"values":[0.9967,0.0344,0.0739,0,-0.0769,0.6962,0.7137,0,-0.0269,-0.717,0.6965,0,0.0778,-1.5229,2.8775,1]},
{"frame":5,"values":[0.9948,-0.0253,0.0984,0,-0.0539,0.689,0.7228,0,-0.0861,-0.7244,0.684,0,0.0778,-1.5229,2.8775,1]},
{"frame":6,"values":[0.9778,-0.1295,0.1647,0,-0.0385,0.6617,0.7488,0,-0.2059,-0.7385,0.642,0,0.0778,-1.5229,2.8775,1]},
{"frame":7,"values":[0.9611,-0.1989,0.1915,0,-0.0248,0.6285,0.7774,0,-0.2749,-0.7519,0.5992,0,0.0778,-1.5229,2.8775,1]},
{"frame":8,"values":[0.9398,-0.2551,0.2274,0,-0.0161,0.6317,0.7751,0,-0.3414,-0.7321,0.5895,0,0.0778,-1.5229,2.8775,1]},
{"frame":9,"values":[0.8854,-0.341,0.3158,0,0.004,0.685,0.7285,0,-0.4648,-0.6438,0.6079,0,0.0778,-1.5229,2.8775,1]},
{"frame":10,"values":[0.7984,-0.4213,0.4302,0,0.0351,0.7458,0.6652,0,-0.6011,-0.516,0.6103,0,0.0778,-1.5229,2.8775,1]},
{"frame":11,"values":[0.742,-0.4559,0.4915,0,0.0557,0.7725,0.6325,0,-0.6681,-0.4419,0.5986,0,0.0778,-1.5229,2.8775,1]},
{"frame":12,"values":[0.7129,-0.4885,0.5031,0,0.0472,0.7493,0.6606,0,-0.6997,-0.4472,0.5572,0,0.0778,-1.5229,2.8775,1]},
{"frame":13,"values":[0.7232,-0.4956,0.481,0,0.0401,0.7254,0.6871,0,-0.6894,-0.4777,0.5446,0,0.0778,-1.5229,2.8775,1]},
{"frame":14,"values":[0.7903,-0.444,0.4222,0,0.0384,0.7236,0.6891,0,-0.6115,-0.5284,0.5889,0,0.0778,-1.5229,2.8775,1]},
{"frame":15,"values":[0.8831,-0.337,0.3265,0,0.0145,0.7152,0.6988,0,-0.469,-0.6123,0.6365,0,0.0778,-1.5229,2.8775,1]},
{"frame":16,"values":[0.9608,-0.1773,0.2131,0,-0.0313,0.6945,0.7188,0,-0.2754,-0.6973,0.6617,0,0.0778,-1.5229,2.8775,1]}],"loopBehavior":1,"name":"anim","property":"_matrix"}},
{"name":"mixamorig_RightForeArm","index":17,"matrix":[0.021,0.2159,-0.9762,0,-0.0867,0.9731,0.2133,0,0.996,0.0802,0.0392,0,0.0637,0.1353,3.7635,1],"rest":[1,0,0.0023,0,0,1,0,0,-0.0023,0,1,0,0.0637,0.1353,3.7635,1],"parentBoneIndex":16,"length":0.0089
,"animation":{"dataType":3,"framePerSecond":24,"keys":[
{"frame":0,"values":[0.021,0.2159,-0.9762,0,-0.0867,0.9731,0.2133,0,0.996,0.0802,0.0392,0,0.0637,0.1353,3.7635,1]},
{"frame":1,"values":[-0.0513,0.2499,-0.9669,0,-0.1173,0.96,0.2543,0,0.9918,0.1265,-0.0199,0,0.0637,0.1353,3.7635,1]},
{"frame":2,"values":[-0.1505,0.3108,-0.9385,0,-0.1185,0.9368,0.3292,0,0.9815,0.1608,-0.1041,0,0.0637,0.1353,3.7635,1]},
{"frame":3,"values":[-0.2303,0.3123,-0.9216,0,-0.1068,0.9333,0.3429,0,0.9672,0.1775,-0.1816,0,0.0637,0.1353,3.7635,1]},
{"frame":4,"values":[-0.2651,0.3075,-0.9139,0,-0.0789,0.9377,0.3384,0,0.961,0.1618,-0.2243,0,0.0637,0.1353,3.7635,1]},
{"frame":5,"values":[-0.25,0.3087,-0.9177,0,-0.0658,0.9402,0.3342,0,0.966,0.1439,-0.2148,0,0.0637,0.1353,3.7635,1]},
{"frame":6,"values":[-0.1867,0.288,-0.9393,0,-0.0675,0.95,0.3047,0,0.9801,0.1203,-0.1579,0,0.0637,0.1353,3.7635,1]},
{"frame":7,"values":[0.0159,0.2449,-0.9694,0,-0.0548,0.9683,0.2438,0,0.9984,0.0493,0.0288,0,0.0637,0.1353,3.7635,1]},
{"frame":8,"values":[0.2418,0.1801,-0.9535,0,0.0059,0.9823,0.187,0,0.9703,-0.0509,0.2365,0,0.0637,0.1353,3.7635,1]},
{"frame":9,"values":[0.2757,0.1546,-0.9487,0,0.0591,0.9824,0.1773,0,0.9594,-0.1049,0.2617,0,0.0637,0.1353,3.7635,1]},
{"frame":10,"values":[0.2278,0.1569,-0.961,0,0.0861,0.9798,0.1804,0,0.9699,-0.1238,0.2097,0,0.0637,0.1353,3.7635,1]},
{"frame":11,"values":[0.1897,0.1648,-0.9679,0,0.0877,0.979,0.1839,0,0.9779,-0.1198,0.1712,0,0.0637,0.1353,3.7635,1]},
{"frame":12,"values":[0.1507,0.1514,-0.9769,0,0.0665,0.9844,0.1629,0,0.9863,-0.0895,0.1383,0,0.0637,0.1353,3.7635,1]},
{"frame":13,"values":[0.0998,0.1616,-0.9818,0,0.0468,0.9849,0.1668,0,0.9939,-0.0625,0.0907,0,0.0637,0.1353,3.7635,1]},
{"frame":14,"values":[0.0487,0.1583,-0.9862,0,0.0348,0.9865,0.16,0,0.9982,-0.0421,0.0425,0,0.0637,0.1353,3.7635,1]},
{"frame":15,"values":[0.0588,0.1813,-0.9817,0,0.0009,0.9834,0.1817,0,0.9983,-0.0115,0.0576,0,0.0637,0.1353,3.7635,1]},
{"frame":16,"values":[0.0904,0.1973,-0.9762,0,-0.0412,0.9801,0.1943,0,0.9951,0.0226,0.0967,0,0.0637,0.1353,3.7635,1]}],"loopBehavior":1,"name":"anim","property":"_matrix"}},
{"name":"mixamorig_RightHand","index":18,"matrix":[-0.5305,0.5213,-0.6685,0,-0.4604,0.4849,0.7435,0,0.7118,0.7022,-0.0172,0,0.0654,0.0756,3.8865,1],"rest":[-0.9998,0,0.0202,0,0,1,0,0,-0.0202,0,-0.9998,0,0.0654,0.0756,3.8865,1],"parentBoneIndex":17,"length":0.0089
,"animation":{"dataType":3,"framePerSecond":24,"keys":[
{"frame":0,"values":[-0.5305,0.5213,-0.6685,0,-0.4604,0.4849,0.7435,0,0.7118,0.7022,-0.0172,0,0.0654,0.0756,3.8865,1]},
{"frame":1,"values":[-0.5735,0.5027,-0.6468,0,-0.4458,0.4709,0.7613,0,0.6873,0.725,-0.0459,0,0.0654,0.0756,3.8865,1]},
{"frame":2,"values":[-0.6805,0.4735,-0.5592,0,-0.4032,0.3952,0.8253,0,0.6118,0.7871,-0.078,0,0.0654,0.0756,3.8865,1]},
{"frame":3,"values":[-0.775,0.4919,-0.3968,0,-0.2586,0.3261,0.9093,0,0.5767,0.8073,-0.1255,0,0.0654,0.0756,3.8865,1]},
{"frame":4,"values":[-0.7862,0.5141,-0.3428,0,-0.207,0.3035,0.93,0,0.5822,0.8022,-0.1322,0,0.0654,0.0756,3.8865,1]},
{"frame":5,"values":[-0.7873,0.5139,-0.3407,0,-0.1987,0.3116,0.9292,0,0.5836,0.7993,-0.1432,0,0.0654,0.0756,3.8865,1]},
{"frame":6,"values":[-0.7758,0.5192,-0.3586,0,-0.2014,0.3348,0.9205,0,0.598,0.7864,-0.1552,0,0.0654,0.0756,3.8865,1]},
{"frame":7,"values":[-0.7588,0.5077,-0.408,0,-0.2481,0.3538,0.9018,0,0.6022,0.7855,-0.1425,0,0.0654,0.0756,3.8865,1]},
{"frame":8,"values":[-0.7645,0.4598,-0.4519,0,-0.2568,0.4257,0.8676,0,0.5913,0.7793,-0.2073,0,0.0654,0.0756,3.8865,1]},
